Run semi-empirical minimization
 &qmmm
    qm_theory='AM1', grms_tol=0.0005,
 scfconv=1.d-10, ndiis_attempts=700,   qmcharge=0,
 /
   7     N        6.8790       16.6100       15.2890 
   6    CA        6.4030       17.8750       14.7090 
   6     C        5.1260       18.3510       15.4000 
   8     O        4.3390       17.5380       15.8850 
   6    CB        6.2560       17.7620       13.1780 
   6    CG        5.3090       16.6480       12.6980 
   6    CD        5.2460       16.5360       11.1660 
   6    CE        6.5100       15.9470       10.5210 
   7    NZ        6.7430       14.5650       10.9660 
   7    N1        4.9360       19.6770       15.4450 
   6    C1        3.8320       20.3490       16.1260 
   6    C3        2.5280       20.2200       15.3280 
   8    O1        2.5130       20.4280       14.1180 
   6    C5        4.1620       21.8520       16.2400 
   6    C7        5.2710       22.1680       17.2470 
  16    SD        4.7580       22.0010       18.9710 
   6   C10        5.5450       23.4520       19.7140 
   7    N2        1.4250       19.9300       16.0260 
   6    C2        0.0740       19.8710       15.4810 
   6    C4       -0.8990       20.6130       16.4010 
   8    O2       -1.8420       21.2390       15.8720 
   6    C6       -0.3340       18.4120       15.2210 
   6    C8       -1.4540       18.3300       14.1800 
   6    C9       -2.2140       17.0030       14.1980 
   6   C11       -3.3890       17.0340       13.2190 
   7    N3       -2.8970       17.0530       11.8360 
   8   OXT       -0.6960       20.5490       17.6310 
   1   H35       -3.6740       17.0280       11.1900 
   1    H1        7.6740       16.2700       14.7590 
   1    H2        7.1550       16.7610       16.2480 
   1    H3        6.1470       15.9140       15.2650 
   1    HA        7.1740       18.6160       14.9210 
   1   HB1        7.2490       17.6070       12.7570 
   1   HB2        5.9110       18.7130       12.7720 
   1   HG1        4.3090       16.8540       13.0730 
   1   HG2        5.5900       15.6870       13.1280 
   1   HD1        5.0500       17.5200       10.7410 
   1   HD2        4.3930       15.9150       10.8930 
   1   HE1        7.3920       16.5510       10.7330 
   1   HE2        6.3900       15.9370        9.4390 
   1   HZ1        7.4860       14.1440       10.4200 
   1   HZ2        7.0110       14.5690       11.9430 
   1   HZ3        5.8940       14.0280       10.8440 
   1   HN1        5.6250       20.2680       14.9980 
   1    H4        3.7010       19.9160       17.1190 
   1   H51        3.2730       22.4120       16.5320 
   1   H52        4.4500       22.2510       15.2680 
   1   H71        5.5870       23.1940       17.0960 
   1   H72        6.1560       21.5600       17.0660 
   1  H101        5.4970       23.3780       20.7970 
   1  H102        6.5900       23.5200       19.4160 
   1  H103        5.0380       24.3710       19.4320 
   1   HN2        1.5120       19.7610       17.0210 
   1   H12        0.0590       20.4040       14.5270 
   1   H61       -0.6430       17.9450       16.1580 
   1   H62        0.5200       17.8340       14.8660 
   1   H81       -1.0290       18.5120       13.1930 
   1   H82       -2.1720       19.1320       14.3400 
   1   H91       -2.5920       16.8240       15.2020 
   1   H92       -1.5460       16.1740       13.9690 
   1  H111       -4.0110       17.9120       13.3860 
   1  H112       -4.0320       16.1690       13.3620 
   1   H31       -2.3120       16.2410       11.6800 
   1   H32       -2.3570       17.8920       11.6760 

