Run semi-empirical minimization
 &qmmm
    qm_theory='AM1', grms_tol=0.0005,
 scfconv=1.d-10, ndiis_attempts=700,   qmcharge=0,
 /
   6    C1       -2.0400        4.4380       38.7740 
   8    O1       -3.2000        4.7410       39.5320 
   6    C2       -0.8370        5.2980       39.1960 
   8    O2       -0.9810        6.6570       38.8470 
   6    C3        0.3620        4.7960       38.3960 
   8    O3        1.4920        5.4730       38.8700 
   6    C4        0.1590        4.9280       36.8770 
   8    O4        1.2330        4.3430       36.1800 
   6    C5       -1.0620        4.1250       36.4320 
   8    O5       -1.3670        4.4510       35.0900 
   6    C6       -2.3240        4.4340       37.2640 
   8    O6       -3.1860        3.3410       37.0480 
  15    P1       -3.6580        3.7060       40.6990 
   8   OP1       -5.0420        4.3450       41.2380 
   8   OP2       -2.6380        3.4370       41.7460 
   8   OP3       -4.1500        2.4250       39.8370 
  15    P3        2.7090        4.6180       39.6350 
   8   O10        3.6800        5.5970       40.1530 
   8   O11        1.9250        3.9700       40.9570 
   8   O12        3.1200        3.5120       38.7520 
  15    P4        2.5190        5.1900       35.6910 
   8   OP4        1.9940        6.7130       35.6460 
   8   OP5        3.7520        4.9810       36.4760 
   8   OP6        2.6270        4.7890       34.1330 
  15    P5       -0.7710        3.5890       33.7590 
   8   OP7        0.3890        4.3190       33.2170 
   8   OP8       -0.2620        2.0890       34.3360 
   8   OP9       -1.9190        3.3420       32.8740 
   1    H1       -1.7520        3.4140       39.0270 
   1    H2       -0.6580        5.2080       40.2680 
   1   HO2       -1.7870        6.9970       39.2180 
   1    H3        0.4880        3.7330       38.6130 
   1    H4        0.0140        5.9670       36.5980 
   1    H5       -0.8280        3.0640       36.5260 
   1    H6       -2.8000        5.3660       36.9610 
   1   HO6       -3.9480        3.4450       37.5970 
   1  HOP1       -5.0980        4.3620       42.1820 
   1  HOP3       -4.5220        1.7330       40.3630 
   1  HO11        1.3630        3.2650       40.6660 
   1  HOP4        2.1150        7.1610       36.4670 
   1  HOP6        1.7760        4.5970       33.7370 
   1  HOP8        0.6140        2.2020       34.6700 

