Run semi-empirical minimization
 &qmmm
    qm_theory='AM1', grms_tol=0.0005,
 scfconv=1.d-10, ndiis_attempts=700,   qmcharge=0,
 /
   7     N        7.0790       16.8490       15.2830 
   6    CA        6.5830       18.1070       14.7090 
   6     C        5.2940       18.5410       15.4010 
   8     O        4.5180       17.7030       15.8580 
   6    CB        6.4400       17.9980       13.1780 
   6    CG        5.4840       16.8920       12.6970 
   6    CD        5.4000       16.7930       11.1660 
   6    CE        6.6260       16.1500       10.5040 
   7    NZ        6.7610       14.7360       10.8880 
   7    N1        5.0800       19.8600       15.4830 
   6    C1        3.9610       20.4770       16.1830 
   6    C3        2.6950       20.4410       15.3130 
   8    O1        2.7180       20.8320       14.1510 
   6    C5        4.3110       21.9530       16.4860 
   6    C7        5.1990       22.1480       17.7360 
   6   CD2        5.0140       23.5590       18.3080 
   6   CE2        5.8050       23.7820       19.6020 
   6    CZ        7.2930       23.4690       19.4080 
   6   CE1        7.5130       22.0920       18.7700 
   6   CD1        6.6980       21.9090       17.4790 
   7    N2        1.5740       20.0080       15.8990 
   6    C2        0.2440       20.0240       15.3010 
   6    C4       -0.6950       20.8750       16.1640 
   8    O2       -1.6460       21.4510       15.5940 
   6    C6       -0.2850       18.5850       15.1770 
   6    C8       -1.3270       18.4580       14.0560 
   6    C9       -2.2900       17.2840       14.2490 
   6   C10       -3.0850       16.9460       12.9840 
   7    N3       -3.7540       18.1160       12.3980 
   8   OXT       -0.4730       20.9270       17.3920 
   1    H1        7.8670       16.5120       14.7410 
   1   H13        7.5010       14.3010       10.3510 
   1    H4        6.3500       16.1460       15.2680 
   1    H2        7.3670       17.0010       16.2390 
   1    HA        7.3340       18.8650       14.9270 
   1   HB1        7.4310       17.8350       12.7540 
   1   HB2        6.1050       18.9560       12.7770 
   1   HG1        4.4890       17.0980       13.0850 
   1   HG2        5.7660       15.9250       13.1160 
   1   HD1        5.2440       17.7880       10.7500 
   1   HD2        4.5180       16.2130       10.8960 
   1   HE1        7.5430       16.6860       10.7450 
   1   HE2        6.5100       16.1930        9.4220 
   1   HZ1        5.8880       14.2580       10.7050 
   1   HZ2        6.9820       14.6770       11.8720 
   1   HN1        5.7580       20.4820       15.0600 
   1   H11        3.7780       19.9460       17.1170 
   1   H51        3.3790       22.4910       16.6650 
   1   H52        4.7580       22.4420       15.6190 
   1    H7        4.8660       21.4450       18.5000 
   1  HD21        3.9580       23.7370       18.5060 
   1  HD22        5.3370       24.2840       17.5620 
   1  HE21        5.3920       23.1510       20.3840 
   1  HE22        5.6810       24.8100       19.9450 
   1   H14        7.8090       23.4950       20.3640 
   1   H15        7.7410       24.2460       18.7950 
   1  HE11        7.2280       21.3230       19.4890 
   1  HE12        8.5730       21.9450       18.5680 
   1  HD11        7.0640       22.5990       16.7210 
   1  HD12        6.8650       20.9100       17.0850 
   1   HN2        1.6260       19.7120       16.8660 
   1   H12        0.2860       20.4740       14.3070 
   1   H61       -0.7030       18.2570       16.1300 
   1   H62        0.5360       17.9010       14.9640 
   1   H81       -0.8160       18.3720       13.0980 
   1   H82       -1.9170       19.3710       13.9860 
   1   H91       -2.9720       17.5170       15.0630 
   1   H92       -1.7400       16.3950       14.5580 
   1  H101       -3.8480       16.2040       13.2140 
   1  H102       -2.4270       16.5290       12.2260 
   1   H31       -4.2280       17.8290       11.5520 
   1   H32       -4.4270       18.4960       13.0480 
   1   H33       -3.0650       18.8190       12.1650 

