Run semi-empirical minimization
 &qmmm
    qm_theory='AM1', grms_tol=0.0005,
 scfconv=1.d-10, ndiis_attempts=700,   qmcharge=0,
 /
   7     N        7.1510       17.1300       15.4010 
   6    CA        6.6420       18.3860       14.8300 
   6     C        5.3210       18.7830       15.4900 
   8     O        4.5650       17.9220       15.9360 
   6    CB        6.5380       18.2900       13.2960 
   6    CG        5.6080       17.1730       12.7880 
   6    CD        5.5690       17.0720       11.2560 
   6    CE        6.8400       16.4770       10.6330 
   7    NZ        7.0400       15.0820       11.0530 
   7    N1        5.0580       20.0930       15.5640 
   6    C1        3.9330       20.6720       16.2930 
   6    C3        2.6860       20.7490       15.4020 
   8    O1        2.7420       21.2380       14.2770 
   6    C5        4.3320       22.0970       16.7240 
   6    C7        5.5070       22.0650       17.7140 
   6    C9        5.7800       23.3950       18.3770 
   6   CE1        6.5850       24.3550       17.7350 
   6   CE2        5.2550       23.6650       19.6560 
   6   CZ1        6.8700       25.5740       18.3790 
   6   CZ2        5.5500       24.8800       20.3020 
   6    CH        6.3550       25.8360       19.6600 
   7    N2        1.5490       20.2820       15.9310 
   6    C2        0.2210       20.3560       15.3330 
   6    C4       -0.7030       21.1700       16.2490 
   8    O2       -1.6180       21.8300       15.7130 
   6    C6       -0.3370       18.9350       15.1330 
   6    C8       -1.3580       18.8800       13.9880 
   6   C10       -2.1710       17.5810       13.9550 
   6   C11       -2.9580       17.4230       12.6490 
   7    N3       -3.9200       18.5110       12.4370 
   8   OXT       -0.4990       21.1220       17.4820 
   1    H1        7.9610       16.8170       14.8770 
   1   H13        7.8110       14.6730       10.5390 
   1    H4        6.4380       16.4130       15.3610 
   1    H2        7.4100       17.2770       16.3660 
   1    HA        7.3780       19.1520       15.0760 
   1   HB1        7.5420       18.1440       12.8980 
   1   HB2        6.2010       19.2470       12.8960 
   1   HG1        4.6000       17.3670       13.1480 
   1   HG2        5.8870       16.2100       13.2160 
   1   HD1        5.3910       18.0610       10.8370 
   1   HD2        4.7130       16.4640       10.9630 
   1   HE1        7.7240       17.0630       10.8820 
   1   HE2        6.7490       16.4900        9.5490 
   1   HZ1        6.1990       14.5550       10.8540 
   1   HZ2        7.2450       15.0520       12.0440 
   1   HN1        5.7210       20.7380       15.1530 
   1    H9        3.7190       20.0750       17.1820 
   1   H51        3.4800       22.5780       17.2050 
   1   H52        4.5860       22.7190       15.8630 
   1   H71        6.4160       21.7440       17.2040 
   1   H72        5.3130       21.3290       18.4930 
   1   H14        6.9860       24.1540       16.7530 
   1   H15        4.6400       22.9310       20.1510 
   1   H16        7.4790       26.3160       17.8920 
   1   H17        5.1740       25.0750       21.2930 
   1    HH        6.5860       26.7620       20.1610 
   1   HN2        1.5870       19.9020       16.8700 
   1   H12        0.2800       20.8590       14.3660 
   1   H61       -0.7810       18.5650       16.0590 
   1   H62        0.4760       18.2470       14.9030 
   1   H81       -0.8310       19.0080       13.0430 
   1   H82       -2.0440       19.7230       14.0590 
   1  H101       -2.8450       17.5470       14.8100 
   1  H102       -1.5000       16.7280       14.0600 
   1  H111       -3.5200       16.4940       12.6500 
   1  H112       -2.2740       17.3870       11.8020 
   1   H31       -4.4040       18.3530       11.5640 
   1   H32       -4.5930       18.5420       13.1920 
   1   H33       -3.4260       19.3890       12.3880 

