Run semi-empirical minimization
 &qmmm
    qm_theory='AM1', grms_tol=0.0005,
 scfconv=1.d-10, ndiis_attempts=700,   qmcharge=0,
 /
  15    PB       37.4190       -2.8450       23.1360 
   8   O1B       38.1360       -2.3590       24.5060 
   8   O2B       36.0060       -2.4110       22.9660 
   8   O3B       38.4510       -2.3190       22.0040 
  15    PA       38.9230       -5.4050       22.8320 
   8   O1A       38.6870       -6.8660       22.9850 
   8   O2A       40.0870       -4.7880       23.7770 
   8   O3A       37.6390       -4.4590       23.1610 
   8   O5'       39.3820       -4.9320       21.3520 
   6   C5'       38.4320       -4.8540       20.3140 
   6   C4'       37.9680       -6.1910       19.7180 
   8   O4'       36.9540       -5.8220       18.8050 
   6   C3'       38.9830       -6.8970       18.8290 
   8   O3'       39.7670       -7.8500       19.5190 
   6   C2'       38.1360       -7.5420       17.7370 
   8   O2'       37.7300       -8.8470       18.1300 
  15   P2'       37.1250       -9.9130       17.0580 
   8   OP1       35.8570       -9.1330       16.4300 
   8   OP2       38.2110       -9.8660       15.8570 
   8   O3P       36.8250      -11.2720       17.5800 
   6   C1'       36.8960       -6.6420       17.7060 
   7    N9       36.7890       -5.7890       16.4760 
   6    C8       36.0490       -6.0710       15.3520 
   7    N7       36.0430       -5.1610       14.4210 
   6    C5       36.8220       -4.1510       14.9560 
   6    C6       37.1860       -2.8610       14.5070 
   7    N6       36.7890       -2.3650       13.3320 
   7    N1       37.9660       -2.0950       15.3000 
   6    C2       38.3930       -2.5840       16.4660 
   7    N3       38.1400       -3.7750       17.0190 
   6    C4       37.3280       -4.5380       16.2290 
   1  HO1B       38.9580       -1.9200       24.3450 
   1  HO3B       38.0160       -2.0310       21.2120 
   1  HO2A       40.8060       -4.4180       23.2870 
   1  HO2P       38.1060       -9.1410       15.2530 
   1   H5'       38.8090       -4.1930       19.5410 
   1  H5''       37.5680       -4.3440       20.7200 
   1   H4'       37.5400       -6.8630       20.4620 
   1   H3'       39.6360       -6.1520       18.3790 
   1  HO3'       39.2070       -8.5760       19.7510 
   1   H2'       38.6450       -7.5510       16.7730 
   1  HO1P       35.6450       -9.4140       15.5450 
   1   H1'       35.9490       -7.1720       17.7570 
   1    H8       35.4780       -6.9760       15.2530 
   1   H61       37.1110       -1.4530       13.0370 
   1   H62       36.1640       -2.8970       12.7390 
   1    H2       39.0180       -1.9190       17.0440 

