Run semi-empirical minimization
 &qmmm
    qm_theory='AM1', grms_tol=0.0005,
 scfconv=1.d-10, ndiis_attempts=700,   qmcharge=0,
 /
   7     N        6.9940       16.8720       15.2820 
   6    CA        6.5140       18.1350       14.7040 
   6     C        5.2320       18.5770       15.4020 
   8     O        4.4430       17.7340       15.8280 
   6    CB        6.3610       18.0180       13.1730 
   6    CG        5.3680       16.9400       12.7040 
   6    CD        5.2990       16.8000       11.1750 
   6    CE        6.5180       16.1100       10.5440 
   7    NZ        6.6540       14.7270       11.0250 
   7    N1        5.0340       19.8970       15.5350 
   6    C1        3.9150       20.4730       16.2760 
   6    C3        2.6490       20.4540       15.4000 
   8    O1        2.6560       20.9280       14.2670 
   6    C5        4.2370       21.9290       16.7250 
   6   CG1        5.5610       22.0010       17.5240 
   6   CG2        3.0770       22.5090       17.5640 
   6   CD1        5.9120       23.3940       18.0630 
   7    N2        1.5460       19.9470       15.9610 
   6    C2        0.2020       20.0400       15.4040 
   6    C4       -0.6770       20.8570       16.3590 
   8    O2       -1.6230       21.5090       15.8710 
   6    C6       -0.3790       18.6290       15.2060 
   6    C7       -1.4300       18.6200       14.0890 
   6    C8       -2.2950       17.3580       14.0570 
   6    C9       -3.1180       17.2660       12.7690 
   7    N3       -3.9880       18.4330       12.5740 
   8   OXT       -0.4120       20.8190       17.5780 
   1    H1        7.7800       16.5230       14.7440 
   1   H13        7.3810       14.2490       10.5050 
   1    H4        6.2580       16.1770       15.2680 
   1    H2        7.2810       17.0240       16.2380 
   1    HA        7.2780       18.8800       14.9210 
   1   HB1        7.3450       17.8210       12.7480 
   1   HB2        6.0550       18.9820       12.7640 
   1   HG1        4.3770       17.1980       13.0700 
   1   HG2        5.6010       15.9760       13.1550 
   1   HD1        5.1700       17.7850       10.7280 
   1   HD2        4.4060       16.2330       10.9110 
   1   HE1        7.4380       16.6580       10.7450 
   1   HE2        6.3990       16.0800        9.4600 
   1   HZ1        5.7760       14.2390       10.9030 
   1   HZ2        6.9040       14.7380       12.0060 
   1   HN1        5.7140       20.5340       15.1410 
   1   H10        3.7680       19.8680       17.1680 
   1    H5        4.3530       22.5550       15.8380 
   1  HG11        6.3850       21.6810       16.8850 
   1  HG12        5.5270       21.3020       18.3590 
   1  HG21        3.2770       23.5220       17.8930 
   1  HG22        2.1420       22.5570       17.0140 
   1  HG23        2.8950       21.9070       18.4510 
   1  HD11        6.9350       23.4230       18.4300 
   1  HD12        5.8250       24.1520       17.2860 
   1  HD13        5.2720       23.6790       18.8980 
   1   HN2        1.6120       19.6140       16.9150 
   1   H11        0.2260       20.5560       14.4420 
   1   H61       -0.8040       18.2540       16.1400 
   1   H62        0.4160       17.9330       14.9390 
   1   H71       -0.9250       18.7450       13.1320 
   1   H72       -2.0840       19.4840       14.1920 
   1   H81       -2.9500       17.3440       14.9270 
   1   H82       -1.6630       16.4730       14.1330 
   1   H91       -3.7600       16.3910       12.7830 
   1   H92       -2.4530       17.1730       11.9120 
   1   H31       -4.5000       18.3170       11.7100 
   1   H32       -4.6420       18.5110       13.3390 
   1   H33       -3.4250       19.2690       12.5170 

