Run semi-empirical minimization
 &qmmm
    qm_theory='AM1', grms_tol=0.0005,
 scfconv=1.d-10, ndiis_attempts=700,   qmcharge=0,
 /
   7     N        5.0490       27.8190        5.2500 
   6    CA        5.8580       26.6030        5.0730 
   6     C        7.3200       26.8830        5.4410 
   8     O        7.8580       27.9390        5.1080 
   6    CB        5.6640       26.0310        3.6510 
   6    CG        6.2640       26.8690        2.4940 
   6    CD        5.7920       26.4470        1.0950 
   8   OE1        4.8000       25.6900        1.0050 
   8   OE2        6.4230       26.9130        0.1200 
   7    N1        7.9420       25.9240        6.1440 
   6    C1        9.2800       25.9920        6.7290 
   6    C3       10.0990       24.7850        6.2680 
   8    O1       10.1140       23.7430        6.9210 
   6    C5        9.2180       26.1950        8.2610 
   6    C7        8.5210       27.4950        8.6850 
   8   OD1        8.8760       28.5540        8.1200 
   8   OD2        7.6390       27.4120        9.5630 
   7    N2       10.7450       24.9420        5.1030 
   6    C2       11.5090       23.9230        4.3850 
   6    C4       13.0120       24.2240        4.4600 
   8    O2       13.7900       23.2540        4.3340 
   6    C6       11.0900       23.9500        2.9020 
   6    C8        9.5950       23.6360        2.6580 
   6   CD1        9.0380       24.5470        1.5640 
   6   CD2        9.3680       22.1550        2.3200 
   8   OXT       13.3720       25.4170        4.5680 
   1    H1        4.0990       27.6480        4.9480 
   1    H3        5.0490       28.0890        6.2240 
   1    HN        5.4460       28.5760        4.7030 
   1    HA        5.4570       25.8780        5.7820 
   1   HB1        4.5950       25.8810        3.4970 
   1   HB2        6.1030       25.0320        3.6130 
   1   HG1        7.3520       26.8320        2.5260 
   1   HG2        5.9960       27.9170        2.6180 
   1   HN1        7.4150       25.0860        6.3600 
   1    H4        9.7980       26.8570        6.3390 
   1   H51       10.2270       26.2070        8.6720 
   1   H52        8.7060       25.3520        8.7270 
   1   HN2       10.6920       25.8460        4.6540 
   1    H2       11.3210       22.9300        4.7890 
   1   H61       11.7030       23.2500        2.3310 
   1   H62       11.3330       24.9300        2.4910 
   1    H8        9.0150       23.8520        3.5550 
   1  HD11        7.9770       24.3630        1.3990 
   1  HD12        9.1540       25.5970        1.8320 
   1  HD13        9.5730       24.3900        0.6280 
   1  HD21        8.3110       21.9480        2.1550 
   1  HD22        9.9060       21.8620        1.4170 
   1  HD23        9.7060       21.5160        3.1340 

