Run semi-empirical minimization
 &qmmm
    qm_theory='AM1', grms_tol=0.0005,
 scfconv=1.d-10, ndiis_attempts=700,   qmcharge=0,
 /
  15     P       23.3910       27.0410       23.7030 
   8   OP1       23.7700       25.6660       24.4740 
   8   OP2       22.1230       27.0270       22.9220 
   8   O3P       24.7310       27.3730       22.8570 
   8    O1       23.4660       28.1440       24.8850 
   6    C1       23.4830       29.5100       24.5320 
   6    C2       24.5930       30.2040       25.3130 
   8    O2       24.6820       30.0560       26.5310 
   6    C3       25.5810       31.0940       24.5550 
   8    O3       25.9510       30.5110       23.3230 
   1  HO1P       24.1130       25.8090       25.3430 
   1  HO3P       25.3890       26.6870       22.8800 
   1   H11       22.5220       29.9510       24.7960 
   1   H12       23.6160       29.6420       23.4580 
   1   H31       26.4710       31.2700       25.1600 
   1   H32       25.1170       32.0590       24.3580 
   1   HO3       26.4790       29.7450       23.4950 

