Run semi-empirical minimization
 &qmmm
    qm_theory='AM1', grms_tol=0.0005,
 scfconv=1.d-10, ndiis_attempts=700,   qmcharge=0,
 /
   7     N       42.7180       31.7340       22.8950 
   6    CA       42.7550       33.1750       22.6150 
   6     C       41.9080       33.9370       23.6330 
   8     O       40.8830       33.4320       24.0920 
   6    CB       42.3600       33.4680       21.1530 
   6    CG       40.9610       32.9660       20.7500 
   6    CD       40.6160       33.2370       19.2770 
   6    CE       41.3510       32.3430       18.2690 
   7    NZ       41.0050       30.9250       18.4510 
   7    N1       42.3510       35.1500       23.9880 
   6    C1       41.7200       35.9950       24.9940 
   6    C3       40.4640       36.6810       24.4390 
   8    O1       40.4960       37.3020       23.3820 
   6    C5       42.7030       37.1000       25.4100 
   6    C7       43.8240       36.6180       26.3430 
   6    C9       44.4170       37.8160       27.0780 
   6   C11       45.4570       37.4980       28.1460 
   7    N2       39.3670       36.6080       25.1950 
   6    C2       38.1150       37.3010       24.9300 
   6    C4       37.8000       38.2470       26.0930 
   8    O2       37.1570       39.2880       25.8440 
   6    C6       36.9990       36.2630       24.7410 
   6    C8       35.8470       36.8510       23.9250 
   6   C10       34.5900       35.9830       23.9330 
   6   C12       33.4540       36.6660       23.1740 
   7    N3       33.7730       36.7210       21.7440 
   8   OXT       38.1840       37.9180       27.2340 
   1   H37       33.0130       37.1500       21.2320 
   1    H1       43.1910       31.2300       22.1520 
   1    H2       43.1790       31.5490       23.7740 
   1    H3       41.7610       31.4100       22.9530 
   1    HA       43.7890       33.4840       22.7600 
   1   HB1       43.1110       33.0200       20.5020 
   1   HB2       42.4170       34.5410       20.9690 
   1   HG1       40.2250       33.4680       21.3730 
   1   HG2       40.8530       31.9030       20.9670 
   1   HD1       40.8280       34.2790       19.0460 
   1   HD2       39.5420       33.1090       19.1320 
   1   HE1       42.4320       32.4660       18.3380 
   1   HE2       41.0640       32.6350       17.2600 
   1   HZ1       41.4060       30.3750       17.6990 
   1   HZ2       41.3810       30.6010       19.3320 
   1   HZ3       40.0000       30.8140       18.4510 
   1   HN1       43.1940       35.5010       23.5510 
   1    H4       41.4590       35.3900       25.8630 
   1   H51       42.1410       37.8790       25.9290 
   1   H52       43.1360       37.5940       24.5390 
   1   H71       44.5940       36.0990       25.7720 
   1   H72       43.4320       35.9100       27.0730 
   1   H91       43.5990       38.3390       27.5720 
   1   H92       44.8540       38.4920       26.3430 
   1  H111       45.7330       38.4010       28.6910 
   1  H112       45.0790       36.7770       28.8700 
   1  H113       46.3640       37.1030       27.6940 
   1   HN2       39.4200       36.0940       26.0660 
   1   H13       38.2020       37.9020       24.0230 
   1   H61       36.6450       35.9030       25.7090 
   1   H62       37.3850       35.3880       24.2170 
   1   H81       36.1900       37.0120       22.9030 
   1   H82       35.5880       37.8380       24.3010 
   1  H101       34.2860       35.8140       24.9620 
   1  H102       34.7930       35.0020       23.5060 
   1  H121       33.3010       37.6810       23.5370 
   1  H122       32.5170       36.1340       23.3220 
   1   H31       33.9200       35.7830       21.3920 
   1   H32       34.6110       37.2700       21.6030 

