Run semi-empirical minimization
 &qmmm
    qm_theory='AM1', grms_tol=0.0005,
 scfconv=1.d-10, ndiis_attempts=700,   qmcharge=0,
 /
   6    CA       16.0080        4.2910       18.0010 
   6    CB       14.6950        3.8400       18.6750 
   6   CG1       14.2360        4.8000       19.7860 
   6   CG2       13.5880        3.6720       17.6210 
   6     C       17.2050        4.4350       18.9480 
   8     O       17.4290        3.5810       19.8060 
   7     N       17.9660        5.5260       18.7740 
   6    C1       19.1790        5.8720       19.5190 
   6   C11       19.0320        7.2560       20.1720 
   8    O1       18.2080        8.0680       19.7470 
   6    C4       20.4280        5.7620       18.6010 
   6    C7       20.7100        4.3130       18.1710 
   6    C9       20.3750        6.6770       17.3640 
   7    N1       19.8370        7.5060       21.2170 
   6    C2       19.9070        8.7550       21.9780 
   6   C12       21.3910        9.0660       22.2040 
   8    O2       21.9950        8.5430       23.1390 
   6    C5       19.0670        8.6970       23.2890 
   6    C8       19.0180       10.0650       23.9980 
   6   C10       17.6390        8.1650       23.0890 
   7    N2       21.9670        9.8960       21.3240 
   6    C3       23.3850       10.2590       21.2700 
   6    C6       24.0200        9.6980       19.9610 
   6    CG       23.6710        8.2400       19.5710 
   6   CD1       24.1500        7.9160       18.1480 
   6   CD2       24.2370        7.2120       20.5610 
   6    CH       23.5470       11.8090       21.4210 
   8    OH       22.7500       12.3870       20.4080 
   6    CM       23.1230       12.4390       22.7880 
   6   C13       24.0070       11.9990       23.9700 
   8    O3       23.8190       10.9120       24.5090 
   8   OH1       24.9150       12.1260       21.2340 
   9    F1       21.8630       12.1190       23.0840 
   9    F2       23.1830       13.7700       22.6930 
   7    N3       24.9790       12.8430       24.3550 
   6   CH3       25.9560       12.5640       25.3950 
   1   H40       25.0280       13.0430       21.4340 
   1   HA1       15.8380        5.2340       17.4850 
   1   HA2       16.2880        3.5710       17.2330 
   1    HB       14.8620        2.8610       19.1270 
   1  HG11       13.2770        4.4910       20.2030 
   1  HG12       14.9480        4.8320       20.6110 
   1  HG13       14.1260        5.8160       19.4060 
   1  HG21       12.6730        3.2830       18.0690 
   1  HG22       13.3460        4.6220       17.1430 
   1  HG23       13.8910        2.9750       16.8390 
   1    HN       17.6920        6.1760       18.0470 
   1    H1       19.3070        5.1690       20.3430 
   1    H4       21.2920        6.0770       19.1890 
   1   H71       21.6370        4.2470       17.6010 
   1   H72       20.8130        3.6580       19.0350 
   1   H73       19.9120        3.9150       17.5430 
   1   H91       21.3080        6.6110       16.8050 
   1   H92       19.5730        6.3890       16.6860 
   1   H93       20.2290        7.7220       17.6350 
   1   HN1       20.4890        6.7800       21.4870 
   1    H2       19.4980        9.5560       21.3630 
   1    H5       19.5520        8.0050       23.9750 
   1   H81       18.4490       10.0050       24.9260 
   1   H82       20.0130       10.4250       24.2590 
   1   H83       18.5450       10.8210       23.3690 
   1  H101       17.0740        8.1930       24.0220 
   1  H102       17.1000        8.7610       22.3560 
   1  H103       17.6360        7.1300       22.7490 
   1   HN2       21.3840       10.2890       20.5980 
   1    H3       23.9100        9.7820       22.0950 
   1   H61       25.1050        9.7810       20.0290 
   1   H62       23.7310       10.3430       19.1310 
   1    HG       22.5870        8.1300       19.5520 
   1  HD11       23.7870        6.9390       17.8260 
   1  HD12       23.7900        8.6530       17.4300 
   1  HD13       25.2360        7.8970       18.0860 
   1  HD21       23.9960        6.1960       20.2480 
   1  HD22       25.3220        7.2860       20.6390 
   1  HD23       23.8180        7.3430       21.5560 
   1   HOH       22.4760       13.2560       20.6730 
   1   HN3       25.0650       13.7260       23.8690 
   1  HH31       26.6750       13.3810       25.4570 
   1  HH32       25.4670       12.4650       26.3640 
   1  HH33       26.5040       11.6440       25.1840 

