Run semi-empirical minimization
 &qmmm
    qm_theory='AM1', grms_tol=0.0005,
 scfconv=1.d-10, ndiis_attempts=700,   qmcharge=0,
 /
   7     N        8.6530       31.7060       12.5130 
   6    CA        8.6520       33.1300       12.8810 
   6     C        9.5940       33.9220       11.9740 
   8     O       10.6320       33.4080       11.5580 
   6    CB        8.9570       33.3110       14.3810 
   6    CG       10.3100       32.7380       14.8420 
   6    CD       10.5410       32.8670       16.3570 
   6    CE        9.7470       31.8680       17.2090 
   7    NZ       10.1450       30.4840       16.9150 
   7    N1        9.2190       35.1710       11.6610 
   6    C1        9.9510       36.0600       10.7610 
   6    C3       11.1900       36.6520       11.4610 
   8    O1       11.1200       37.0650       12.6170 
   6    C5        9.0020       37.1910       10.2750 
   8   OG1        8.5720       38.0410       11.3190 
   6   CG2        7.7690       36.6720        9.5210 
   7    N2       12.3160       36.7240       10.7410 
   6    C2       13.5610       37.3550       11.1800 
   6    C4       14.0160       38.3910       10.1440 
   8    O2       14.7110       39.3490       10.5460 
   6    C6       14.6400       36.2870       11.4410 
   6    C7       15.6900       36.7680       12.4570 
   6    C8       17.0100       35.9940       12.3820 
   6    C9       17.9240       36.2330       13.5910 
   7    N3       18.1840       37.6590       13.8340 
   8   OXT       13.6730       38.2130        8.9560 
   1   H13        9.6730       29.8540       17.5540 
   1    H1        8.2490       31.5930       11.5940 
   1    H2        9.5990       31.3480       12.5010 
   1    H3        8.1090       31.1800       13.1890 
   1    HA        7.6420       33.4920       12.6930 
   1   HB1        8.1520       32.8470       14.9500 
   1   HB2        8.9160       34.3710       14.6340 
   1   HG1       11.1040       33.2730       14.3250 
   1   HG2       10.4160       31.6970       14.5370 
   1   HD1       10.2920       33.8800       16.6730 
   1   HD2       11.6010       32.7350       16.5750 
   1   HE1        8.6740       31.9780       17.0550 
   1   HE2        9.9340       32.0590       18.2660 
   1   HZ1       11.1470       30.3830       17.0050 
   1   HZ2        9.8670       30.2540       15.9700 
   1   HN1        8.3630       35.5350       12.0610 
   1    H4       10.2660       35.4790        9.8940 
   1    H5        9.5560       37.8270        9.5870 
   1  HOG1        9.3300       38.4430       11.7140 
   1  HG21        7.1980       37.4910        9.0850 
   1  HG22        8.0590       36.0060        8.7100 
   1  HG23        7.0980       36.1230       10.1810 
   1   HN2       12.3030       36.3700        9.7930 
   1   H10       13.3820       37.8980       12.1100 
   1   H61       15.1180       36.0080       10.4990 
   1   H62       14.1830       35.3740       11.8240 
   1   H71       15.2710       36.7020       13.4590 
   1   H72       15.9090       37.8240       12.2990 
   1   H81       17.5270       36.2770       11.4680 
   1   H82       16.8110       34.9240       12.3040 
   1   H91       18.8890       35.7590       13.4220 
   1   H92       17.4860       35.7950       14.4880 
   1   H31       18.7640       37.7480       14.6580 
   1   H32       18.6610       38.0700       13.0440 
   1   H33       17.3100       38.1400       13.9960 

