Run semi-empirical minimization
 &qmmm
    qm_theory='AM1', grms_tol=0.0005,
 scfconv=1.d-10, ndiis_attempts=700,   qmcharge=0,
 /
   7     N        6.9000       16.6940       15.2680 
   6    CA        6.4140       17.9610       14.7000 
   6     C        5.1330       18.4130       15.4040 
   8     O        4.3170       17.5800       15.7970 
   6    CB        6.2610       17.8620       13.1660 
   6    CG        5.3160       16.7490       12.6730 
   6    CD        5.2300       16.6500       11.1390 
   6    CE        6.4820       16.0780       10.4560 
   7    NZ        6.7800       14.7190       10.9330 
   7    N1        4.9620       19.7350       15.5610 
   6    C1        3.8090       20.3580       16.2130 
   6    C3        2.5410       20.2730       15.3580 
   8    O1        2.5850       20.4650       14.1460 
   6    C5        4.1010       21.8500       16.4930 
   6    C7        4.8680       22.0470       17.7960 
   8   OD1        4.3110       21.8530       18.8710 
   7   ND2        6.1370       22.4300       17.7180 
   7    N2        1.4010       20.0380       16.0170 
   6    C2        0.0740       20.0060       15.4190 
   6    C4       -0.9320       20.7190       16.3260 
   8    O2       -1.8780       21.3290       15.7840 
   6    C6       -0.3130       18.5610       15.0700 
   6    C8       -1.4120       18.5210       14.0060 
   6    C9       -1.8760       17.1080       13.6600 
   6   C10       -2.9430       17.1360       12.5670 
   7    N3       -4.2480       17.5640       13.0860 
   8   OXT       -0.7460       20.6560       17.5600 
   1   H32       -4.9340       17.5400       12.3450 
   1    H1        7.1920       16.8420       16.2230 
   1    H2        6.1650       16.0000       15.2570 
   1    H3        7.6840       16.3500       14.7240 
   1    HA        7.1830       18.7000       14.9200 
   1   HB1        7.2520       17.7120       12.7370 
   1   HB2        5.9150       18.8190       12.7740 
   1   HG1        4.3170       16.9420       13.0590 
   1   HG2        5.6050       15.7840       13.0910 
   1   HD1        5.0160       17.6350       10.7260 
   1   HD2        4.3790       16.0230       10.8730 
   1   HE1        7.3500       16.7170       10.6150 
   1   HE2        6.3190       16.0300        9.3790 
   1   HZ1        7.4810       14.2830       10.3450 
   1   HZ2        7.1330       14.7720       11.8820 
   1   HZ3        5.9360       14.1600       10.9200 
   1   HN1        5.6730       20.3520       15.1900 
   1    H7        3.6250       19.8320       17.1500 
   1   H51        3.1730       22.4120       16.6020 
   1   H52        4.6320       22.3130       15.6600 
   1  HD21        6.6580       22.5660       18.5740 
   1  HD22        6.5740       22.6140       16.8260 
   1   HN2        1.4430       19.8880       17.0170 
   1   H11        0.1030       20.5850       14.4940 
   1   H61       -0.6320       18.0290       15.9690 
   1   H62        0.5580       18.0230       14.6950 
   1   H81       -1.0410       19.0050       13.1030 
   1   H82       -2.2670       19.1090       14.3310 
   1   H91       -2.2430       16.5880       14.5460 
   1   H92       -1.0210       16.5360       13.3030 
   1  H101       -3.0700       16.1460       12.1440 
   1  H102       -2.6410       17.7930       11.7510 
   1   H31       -4.1860       18.5040       13.4500 
   1    H4       -4.5420       16.9400       13.8240 

