Run semi-empirical minimization
 &qmmm
    qm_theory='AM1', grms_tol=0.0005,
 scfconv=1.d-10, ndiis_attempts=700,   qmcharge=0,
 /
   6    C1       33.9220       22.8360       27.6190 
   6    C2       33.8660       23.1580       26.0990 
   8    O2       33.8230       24.5560       25.8920 
   6    C3       32.6630       22.5170       25.3880 
   8    O3       32.8750       22.6260       23.9940 
   6    C4       32.5750       21.0290       25.7540 
   8    O4       31.3940       20.4780       25.2090 
   6    C5       32.5330       20.8700       27.2880 
   6    C6       32.4180       19.4190       27.7790 
   8    O6       33.3120       18.5730       27.0970 
   8    O5       33.6970       21.4460       27.8770 
   7    N2       35.2080       23.2230       28.1680 
   6    C8       35.0970       23.9560       29.2780 
   8    O8       36.0270       24.3410       29.9790 
   7    N1       33.8020       24.2270       29.4630 
   6    C7       33.0240       23.6650       28.5410 
   8    O7       31.8010       23.7680       28.4570 
   1   H12       33.4520       24.7900       30.2270 
   1    H2       34.7800       22.7890       25.6390 
   1   HO2       33.9060       24.7180       24.9630 
   1    H3       31.7390       23.0240       25.6590 
   1   HO3       32.6650       23.5170       23.7340 
   1    H4       33.4350       20.5000       25.3410 
   1   HO4       30.6490       20.9350       25.5830 
   1    H5       31.6550       21.3860       27.6740 
   1   H61       31.4050       19.0530       27.6100 
   1   H62       32.6080       19.3470       28.8480 
   1   HO6       34.1760       18.7000       27.4660 
   1   HN2       36.0820       22.8960       27.7800 

