Run semi-empirical minimization
 &qmmm
    qm_theory='AM1', grms_tol=0.0005,
 scfconv=1.d-10, ndiis_attempts=700,   qmcharge=0,
 /
   6    C1       17.2180       -1.0780       36.3760 
   6    C2       16.1900       -0.4920       35.3770 
   6    C3       14.8090       -1.1090       35.6740 
   6    C4       14.8920       -2.6430       35.6430 
   6    C5       16.0000       -3.1380       36.5930 
   6    C6       16.2150       -4.6590       36.5250 
   6    C7       16.1310        1.8400       34.4840 
   6    C8       16.1140        3.3140       34.8700 
   7    N2       16.1620        0.9650       35.4980 
   8    O1       16.9780       -0.6300       37.6960 
   8    O3       13.8390       -0.6770       34.7430 
   8    O4       15.1590       -3.1110       34.3380 
   8    O5       17.2270       -2.4740       36.2780 
   8    O6       16.7890       -5.1030       37.7320 
   8    O7       16.1230        1.5150       33.2970 
   1    H1       18.2210       -0.7380       36.1140 
   1    H2       16.5180       -0.7820       34.3760 
   1    H3       14.4750       -0.7920       36.6600 
   1    H4       13.9370       -3.0700       35.9520 
   1    H5       15.7050       -2.8790       37.6090 
   1   H61       16.8430       -4.9410       35.6800 
   1   H62       15.2610       -5.1730       36.4090 
   1   H81       15.8870        3.9370       34.0050 
   1   H82       15.3620        3.5040       35.6360 
   1   H83       17.0880        3.6130       35.2590 
   1   HN2       16.1620        1.3350       36.4380 
   1   HO1       17.7580       -0.8160       38.2040 
   1   HO3       13.1250       -1.3060       34.7270 
   1   HO4       14.3680       -3.0290       33.8190 
   1   HO6       17.6430       -4.7050       37.8240 

