Run semi-empirical minimization
 &qmmm
    qm_theory='AM1', grms_tol=0.0005,
 scfconv=1.d-10, ndiis_attempts=700,   qmcharge=0,
 /
   8   O5'        8.9050       20.5160       35.5130 
   6   C5'        9.4120       19.9420       36.6920 
   6   C4'        8.4300       18.9550       37.3360 
   8   O4'        7.2960       19.6180       37.8820 
   6   C3'        7.8370       17.8480       36.4700 
   8   O3'        8.7470       16.8030       36.1790 
   6   C2'        6.6800       17.3820       37.3500 
   8   O2'        7.0800       16.3770       38.2610 
   6   C1'        6.2910       18.6740       38.0980 
   7    N9        5.0180       19.2200       37.5470 
   6    C8        4.6720       19.3960       36.2580 
   7    N7        3.4380       19.8200       36.0170 
   6    C5        2.9350       19.9840       37.2890 
   6    C6        1.6640       20.3750       37.7580 
   7    N6        0.6110       20.6730       36.8960 
   6    C1        1.4680       20.4320       39.1490 
   6    C2        2.5340       20.1290       40.0170 
   7    N3        3.7620       19.7290       39.6170 
   6    C4        3.9180       19.6590       38.2640 
   1  HO5'        8.8400       19.8500       34.8370 
   1   H5'        9.6690       20.7380       37.3910 
   1  H5''       10.3380       19.4240       36.4440 
   1   H4'        8.9460       18.4810       38.1700 
   1   H3'        7.4480       18.2590       35.5380 
   1  HO3'        9.3660       17.1210       35.5300 
   1   H2'        5.8520       16.9860       36.7630 
   1  HO2'        7.5590       15.7260       37.7690 
   1   H1'        6.1070       18.5220       39.1620 
   1    H8        5.3470       19.1790       35.4450 
   1   H61       -0.1870       21.1860       37.2490 
   1   H62        0.8330       20.8670       35.9260 
   1    H1        0.5060       20.6950       39.5520 
   1    H2        2.3760       20.2010       41.0810 

