Run semi-empirical minimization
 &qmmm
    qm_theory='AM1', grms_tol=0.0005,
 scfconv=1.d-10, ndiis_attempts=700,   qmcharge=0,
 /
   7   N01       11.0340       23.4610        6.0150 
  16   S02       11.6320       21.9400        6.6090 
   7   N03       13.3170       22.0650        6.2840 
   6   C04       13.7610       21.8620        4.9020 
   6   C05       13.8830       23.2000        4.1410 
   6   C06       12.9010       24.3300        4.5790 
   6   C07       11.3830       24.0110        4.6760 
   6   C08        9.7030       23.8600        6.5200 
   6   C09        9.6370       25.1880        7.2530 
   6   C10        8.4330       25.9220        7.2270 
   6   C11        8.2930       27.0930        7.9960 
   6   C12        9.3550       27.5270        8.8090 
   6   C13       10.5620       26.8040        8.8320 
   6   C14       10.7130       25.6480        8.0410 
   8   O15       11.0600       20.8600        5.7930 
   8   O16       14.9420       20.2880        3.5100 
   6   C17       15.8320       19.2650        3.2730 
   6   C18       16.7240       18.7440        4.2440 
   6   C19       17.6370       17.7290        3.9050 
   6   C20       17.6590       17.2110        2.6000 
   6   C21       16.7700       17.7090        1.6340 
   6   C22       15.8610       18.7300        1.9710 
   6   C23       14.2100       22.7750        7.2300 
   6   C24       15.1940       21.8690        7.9450 
   6   C25       14.7340       20.9490        8.9070 
   6   C26       15.6330       20.0670        9.5340 
   6   C27       17.0060       20.1270        9.2260 
   6   C28       17.4770       21.0730        8.2960 
   6   C29       16.5710       21.9420        7.6570 
   8   O30       15.2100       23.6690        4.2530 
   8   O31       13.0460       25.3790        3.6530 
   6   C32       10.8260       23.1680        3.4980 
   8   O33        9.4020       23.1050        3.4660 
   6   C34        8.6770       24.1140        2.8640 
   6   C35        9.2400       25.2820        2.2930 
   6   C36        8.4150       26.2440        1.6750 
   6   C37        7.0240       26.0510        1.6100 
   6   C38        6.4530       24.9020        2.1840 
   6   C39        7.2770       23.9510        2.8140 
   8   O40       11.4730       21.9380        8.0660 
   6   C41       14.9250       20.8610        4.8100 
   1   H04       12.9590       21.3300        4.4050 
   1   H05       13.7260       22.9740        3.0860 
   1   H06       13.1980       24.7430        5.5400 
   1   H07       10.8860       24.9820        4.6220 
   1  H081        9.3400       23.1080        7.2200 
   1  H082        8.9780       23.8660        5.7100 
   1   H10        7.6010       25.5830        6.6260 
   1   H11        7.3670       27.6480        7.9700 
   1   H12        9.2470       28.4180        9.4110 
   1   H13       11.3760       27.1390        9.4560 
   1   H14       11.6390       25.0940        8.0800 
   1   H18       16.7430       19.1180        5.2560 
   1   H19       18.3230       17.3530        4.6480 
   1   H20       18.3520       16.4270        2.3430 
   1   H21       16.7910       17.3120        0.6330 
   1   H22       15.1910       19.1230        1.2220 
   1  H231       13.6090       23.2910        7.9770 
   1  H232       14.7650       23.5600        6.7250 
   1   H25       13.6850       20.9110        9.1530 
   1   H26       15.2690       19.3460       10.2500 
   1   H27       17.6980       19.4570        9.7130 
   1   H28       18.5300       21.1310        8.0670 
   1   H29       16.9310       22.6620        6.9390 
   1  HO30       15.2910       24.4830        3.7740 
   1  HO31       13.7600       25.9340        3.9500 
   1  H321       11.1680       22.1410        3.5660 
   1  H322       11.2200       23.5170        2.5440 
   1   H35       10.3030       25.4670        2.3140 
   1   H36        8.8490       27.1340        1.2450 
   1   H37        6.3970       26.7890        1.1300 
   1   H38        5.3850       24.7540        2.1480 
   1   H39        6.8170       23.0830        3.2590 
   1  H411       14.7520       20.0700        5.5420 
   1  H412       15.8840       21.3250        5.0400 

