Run semi-empirical minimization
 &qmmm
    qm_theory='AM1', grms_tol=0.0005,
 scfconv=1.d-10, ndiis_attempts=700,   qmcharge=0,
 /
   7    N1      -18.4970       72.6180       64.8390 
   6    C2      -17.5160       72.8380       65.8260 
   7    N3      -17.3870       72.0850       66.8800 
   6    C4      -18.2790       71.0060       66.9960 
   6    C5      -19.2410       70.7440       66.0810 
   6    C6      -19.3880       71.6090       64.9000 
   8    O6      -20.2530       71.4280       64.0530 
   7    N7      -19.9570       69.6550       66.4940 
   7    N8      -19.4640       69.1900       67.6710 
   6    C9      -18.4440       69.9960       67.9990 
   6   C1'      -17.6900       69.6900       69.2810 
   6   C2'      -16.5270       70.6170       69.6560 
   8   O2'      -15.3370       69.9000       69.4680 
   6   C3'      -16.8000       71.0680       71.0920 
   8   O3'      -16.1020       70.3190       72.0720 
   6   C4'      -18.3030       70.8260       71.2330 
   8   O4'      -18.5240       69.6760       70.4280 
   6   C5'      -19.1600       71.9580       70.6530 
   8   O5'      -20.4940       71.5060       70.6560 
   1   HN1      -18.5690       73.2670       64.0670 
   1    H2      -16.8750       73.6990       65.6270 
   1   HN7      -20.7560       69.2450       66.0220 
   1   H1'      -17.3280       68.6660       69.2250 
   1   H2'      -16.4870       71.5150       69.0570 
   1  HO2'      -14.6490       70.2720       70.0150 
   1   H3'      -16.5450       72.1180       71.2430 
   1  HO3'      -15.1710       70.4530       71.9460 
   1   H4'      -18.5920       70.6420       72.2670 
   1   H5'      -18.8650       72.2370       69.6440 
   1  H5''      -19.0800       72.8540       71.2690 
   1  HO5'      -21.0660       72.2610       70.7110 

