Run semi-empirical minimization
 &qmmm
    qm_theory='AM1', grms_tol=0.0005,
 scfconv=1.d-10, ndiis_attempts=700,   qmcharge=0,
 /
   6     C       43.4340       -8.3790       37.4470 
   8     O       44.3300       -7.5780       37.7120 
   6   CH3       43.6020       -9.3560       36.2910 
   7     N       42.2670       -8.4210       38.1020 
   6    CA       41.9270       -7.5880       39.2550 
   6    C7       42.3390       -8.2990       40.5520 
   8    O4       42.4890       -9.5210       40.5860 
   6    CB       40.4010       -7.3750       39.2830 
   6    CG       39.8970       -6.5390       38.1220 
   6   CD1       39.4680       -7.1660       36.9330 
   6   CD2       39.8800       -5.1330       38.2190 
   6   CE1       39.0320       -6.3900       35.8420 
   6   CE2       39.4290       -4.3610       37.1340 
   6    CZ       39.0170       -4.9850       35.9410 
   8    OH       38.6200       -4.2220       34.8820 
  15     P       39.5890       -3.9010       33.6170 
   8   OP1       39.7540       -5.3470       32.9070 
   8   OP2       39.1600       -2.7770       32.7440 
   8   O3P       41.0290       -3.7030       34.3300 
   7    N2       42.5150       -7.5130       41.6220 
   6    C9       42.9340       -7.9840       42.9400 
   6    C8       41.7150       -8.4950       43.7430 
   8    O5       40.6360       -7.9240       43.5750 
   6   C10       43.5190       -6.7820       43.7090 
   6   C11       44.7760       -6.1320       43.0910 
   6    CD       46.0610       -6.9810       43.0820 
   8   OE1       46.3420       -7.4690       44.3750 
   8   OE2       45.9930       -8.0020       42.1140 
   7    N1       41.8480       -9.5090       44.6370 
   6    C2       43.0710      -10.2680       44.9440 
   6    C6       40.7450       -9.9050       45.5280 
   6    C3       43.5390       -9.9300       46.3690 
   6    C4       42.4120      -10.1820       47.3890 
   6    C5       41.0840       -9.4980       46.9810 
   6   C1'       41.1160       -7.9630       47.1580 
   6   C2'       41.1140       -7.4980       48.6240 
   6   C3'       41.5080       -6.0260       48.7880 
   6   C4'       40.5020       -5.0420       48.1950 
   1  HO1P       39.0280       -5.5980       32.3500 
   1  HO3P       40.9650       -3.6080       35.2690 
   1  HH31       43.1420      -10.3180       36.5240 
   1  HH32       43.1370       -8.9580       35.3890 
   1  HH33       44.6590       -9.5280       36.0840 
   1    HN       41.5890       -9.1150       37.8240 
   1    HA       42.4350       -6.6260       39.1860 
   1   HB1       40.1090       -6.8680       40.2050 
   1   HB2       39.8780       -8.3330       39.2910 
   1   HD1       39.4820       -8.2420       36.8500 
   1   HD2       40.2020       -4.6440       39.1260 
   1   HE1       38.7150       -6.8720       34.9280 
   1   HE2       39.3990       -3.2880       37.2130 
   1   HN2       42.3790       -6.5160       41.5110 
   1    H9       43.6810       -8.7550       42.7890 
   1  H101       43.7420       -7.0710       44.7370 
   1  H102       42.7500       -6.0130       43.7850 
   1  H111       44.9820       -5.2350       43.6730 
   1  H112       44.5640       -5.7730       42.0840 
   1    HD       46.8920       -6.3430       42.7890 
   1  HOE1       47.1810       -7.9020       44.3520 
   1  HOE2       45.8550       -7.6000       41.2690 
   1   H21       43.8980      -10.1180       44.2580 
   1   H22       42.8460      -11.3330       44.8770 
   1   H61       40.6090      -10.9860       45.4670 
   1   H62       39.7830       -9.4820       45.2380 
   1   H31       43.8650       -8.8910       46.4170 
   1   H32       44.4100      -10.5330       46.6260 
   1   H41       42.7360       -9.8840       48.3850 
   1   H42       42.2410      -11.2580       47.4510 
   1    H5       40.2910       -9.8850       47.6230 
   1  H1'1       40.2490       -7.5290       46.6590 
   1  H1'2       41.9850       -7.5480       46.6470 
   1   H2'       41.8200       -8.0860       49.2080 
   1  H2''       40.1350       -7.6780       49.0690 
   1  H3'1       42.4890       -5.8580       48.3430 
   1  H3'2       41.6110       -5.8160       49.8510 
   1  H4'1       40.8180       -4.0120       48.3610 
   1  H4'2       40.3790       -5.1870       47.1230 
   1  H4'3       39.5290       -5.1710       48.6590 

