Run semi-empirical minimization
 &qmmm
    qm_theory='AM1', grms_tol=0.0005,
 scfconv=1.d-10, ndiis_attempts=700,   qmcharge=0,
 /
   7     N        6.9780       16.8090       15.2900 
   6    CA        6.4610       18.0760       14.7530 
   6     C        5.1430       18.4340       15.4370 
   8     O        4.3750       17.5400       15.7890 
   6    CB        6.3400       18.0050       13.2190 
   6    CG        5.3900       16.9080       12.7020 
   6    CD        5.3810       16.7820       11.1710 
   6    CE        6.6540       16.1550       10.5830 
   7    NZ        6.8420       14.7800       11.0670 
   7    N1        4.8840       19.7350       15.6320 
   6    C1        3.6940       20.2170       16.3290 
   6    C3        2.4770       20.1980       15.3970 
   8    O1        2.5640       20.5340       14.2200 
   6    C5        3.9100       21.6660       16.8200 
   6   CG1        5.0980       21.8370       17.7580 
   6   CD1        6.2370       22.4930       17.2540 
   6   CE1        7.3980       22.6090       18.0320 
   6   CD2        5.1290       21.2980       19.0730 
   6   CE2        6.3250       21.3990       19.8340 
   6   CZ1        7.4460       22.0770       19.3270 
   6   CG2        4.0230       20.6190       19.6370 
   6   CD3        4.1340       19.9830       20.8880 
   6   CE3        5.3440       20.0550       21.6050 
   6   CZ2        6.4250       20.7770       21.0890 
   7    N2        1.3270       19.8230       15.9530 
   6    C2        0.0230       19.8070       15.3140 
   6    C4       -0.9490       20.6170       16.1740 
   8    O2       -1.8750       21.2260       15.5980 
   6    C6       -0.4340       18.3500       15.1640 
   6    C7       -1.6010       18.2240       14.1820 
   6    C8       -2.3340       16.8860       14.2810 
   6    C9       -3.5370       16.8630       13.3410 
   7    N3       -3.0860       16.8270       11.9430 
   8   OXT       -0.7680       20.6070       17.4090 
   1   H37       -3.8860       16.7790       11.3260 
   1    H1        7.2450       16.9350       16.2560 
   1    H2        6.2650       16.0920       15.2400 
   1    H3        7.7840       16.5080       14.7530 
   1    HA        7.1920       18.8430       15.0080 
   1   HB1        7.3380       17.8500       12.8100 
   1   HB2        6.0140       18.9720       12.8350 
   1   HG1        4.3810       17.1370       13.0350 
   1   HG2        5.6290       15.9430       13.1500 
   1   HD1        5.2280       17.7670       10.7330 
   1   HD2        4.5230       16.1830       10.8680 
   1   HE1        7.5390       16.7470       10.8160 
   1   HE2        6.5750       16.1250        9.4970 
   1   HZ1        7.6160       14.3470       10.5760 
   1   HZ2        7.0440       14.7930       12.0580 
   1   HZ3        5.9990       14.2510       10.8860 
   1   HN1        5.5510       20.4230       15.3060 
   1    H4        3.5110       19.5610       17.1780 
   1   H51        3.0180       22.0280       17.3320 
   1   H52        4.0360       22.3310       15.9620 
   1   H12        6.2360       22.8900       16.2510 
   1   H13        8.2720       23.0710       17.6200 
   1   H14        8.3560       22.1510       19.9040 
   1   H11        3.0850       20.5530       19.1110 
   1   HD3        3.2910       19.4410       21.2920 
   1   HE3        5.4770       19.5750       22.5570 
   1   H15        7.3400       20.8320       21.6570 
   1   HN2        1.3360       19.5640       16.9330 
   1   H10        0.0750       20.2750       14.3290 
   1   H61       -0.7110       17.9480       16.1400 
   1   H62        0.3930       17.7360       14.8120 
   1   H71       -1.2280       18.3890       13.1710 
   1   H72       -2.3310       19.0120       14.3640 
   1   H81       -2.6780       16.7390       15.3050 
   1   H82       -1.6610       16.0590       14.0580 
   1   H91       -4.1680       17.7400       13.4950 
   1   H92       -4.1630       15.9960       13.5430 
   1   H31       -2.5000       16.0130       11.8000 
   1   H32       -2.5540       17.6600       11.7410 

