Run semi-empirical minimization
 &qmmm
    qm_theory='AM1', grms_tol=0.0005,
 scfconv=1.d-10, ndiis_attempts=700,   qmcharge=0,
 /
   7     N        6.9560       16.5960       15.2270 
   6    CA        6.4250       17.8350       14.6400 
   6     C        5.1130       18.2320       15.3120 
   8     O        4.3550       17.3730       15.7600 
   6    CB        6.3000       17.7240       13.1110 
   6    CG        5.3770       16.5950       12.6210 
   6    CD        5.2950       16.5180       11.0900 
   6    CE        6.5680       15.9810       10.4200 
   7    NZ        6.8400       14.5950       10.8260 
   7    N1        4.8690       19.5440       15.3960 
   6    C1        3.7930       20.1330       16.1790 
   6    C3        2.5100       20.2240       15.3430 
   8    O1        2.5310       20.6530       14.1930 
   6    C5        4.2270       21.5490       16.6140 
   6    C7        5.3230       21.5410       17.7090 
   6   CD1        6.7360       21.3230       17.1430 
   6   CD2        5.2940       22.8300       18.5360 
   7    N2        1.3860       19.8260       15.9470 
   6    C2        0.0500       19.8350       15.3660 
   6    C4       -0.8990       20.6410       16.2620 
   8    O2       -1.8200       21.2850       15.7110 
   6    C6       -0.4330       18.3860       15.1920 
   6    C8       -1.5440       18.2850       14.1420 
   6    C9       -2.3100       16.9630       14.2040 
   6   C10       -3.5040       16.9640       13.2490 
   7    N3       -3.0550       16.9410       11.8500 
   8   OXT       -0.7070       20.5950       17.4960 
   1   H37       -3.8570       16.8810       11.2360 
   1    H1        7.2200       16.7590       16.1880 
   1    H2        6.2550       15.8650       15.1990 
   1    H3        7.7670       16.2910       14.7000 
   1    HA        7.1530       18.6140       14.8650 
   1   HB1        7.2990       17.5910       12.6970 
   1   HB2        5.9400       18.6710       12.7070 
   1   HG1        4.3760       16.7630       13.0110 
   1   HG2        5.6900       15.6340       13.0280 
   1   HD1        5.0710       17.5070       10.6910 
   1   HD2        4.4530       15.8840       10.8110 
   1   HE1        7.4350       16.6040       10.6390 
   1   HE2        6.4360       15.9980        9.3400 
   1   HZ1        7.5940       14.2110       10.2690 
   1   HZ2        7.1020       14.5770       11.8040 
   1   HZ3        6.0060       14.0410       10.6800 
   1   HN1        5.5300       20.1820       14.9730 
   1    H4        3.6080       19.5270       17.0670 
   1   H51        3.3500       22.0640       17.0090 
   1   H52        4.5460       22.1470       15.7580 
   1    H7        5.1100       20.7280       18.4020 
   1  HD11        7.4960       21.5100       17.8980 
   1  HD12        6.8880       20.3080       16.7860 
   1  HD13        6.9410       21.9940       16.3140 
   1  HD21        5.8910       22.7340       19.4410 
   1  HD22        5.7110       23.6510       17.9590 
   1  HD23        4.2840       23.0950       18.8460 
   1   HN2        1.4510       19.4950       16.9020 
   1   H11        0.0800       20.3160       14.3880 
   1   H61       -0.7760       17.9930       16.1520 
   1   H62        0.3940       17.7440       14.8900 
   1   H81       -1.1110       18.4260       13.1520 
   1   H82       -2.2540       19.1010       14.2700 
   1   H91       -2.6740       16.8100       15.2190 
   1   H92       -1.6480       16.1250       13.9880 
   1  H101       -4.1350       17.8390       13.4120 
   1  H102       -4.1280       16.0930       13.4400 
   1   H31       -2.4610       16.1350       11.6990 
   1   H32       -2.5380       17.7840       11.6400 

