Run semi-empirical minimization
 &qmmm
    qm_theory='AM1', grms_tol=0.0005,
 scfconv=1.d-10, ndiis_attempts=700,   qmcharge=0,
 /
   7   N3B      102.5280       24.7240       -2.6820 
  15    PB      101.4590       26.0390       -2.5450 
   8   O1B      100.7240       25.7470       -1.1330 
   8   O2B      100.5400       26.2480       -3.6980 
   8   O3A      102.4570       27.2840       -2.2340 
  15    PA      102.8980       27.8980       -0.7950 
   8   O1A      103.9110       26.7770       -0.2060 
   8   O2A      101.7760       28.2990        0.0960 
   8   O5'      103.9010       29.1070       -1.2180 
   6   C5'      104.8820       28.9300       -2.2210 
   6   C4'      106.0110       29.9620       -2.0800 
   8   O4'      105.5370       31.2370       -2.5070 
   6   C3'      106.5190       30.1400       -0.6430 
   8   O3'      107.9250       30.3270       -0.6670 
   6   C2'      105.7850       31.3900       -0.1760 
   8   O2'      106.5140       32.0550        0.8350 
   6   C1'      105.6460       32.1800       -1.4840 
   7    N9      104.3820       32.9800       -1.5190 
   6    C8      103.0910       32.5410       -1.3640 
   7    N7      102.1770       33.4570       -1.5260 
   6    C5      102.9070       34.6030       -1.8210 
   6    C6      102.4600       35.9280       -2.1390 
   8    O6      101.3060       36.3410       -2.2320 
   7    N1      103.5200       36.8020       -2.3860 
   6    C2      104.8590       36.4330       -2.3250 
   7    N2      105.7540       37.3970       -2.5500 
   7    N3      105.2740       35.2100       -2.0520 
   6    C4      104.2610       34.3240       -1.8060 
   1  HO1B      101.2700       25.8400       -0.3670 
   1  HO1A      104.6840       27.1410        0.1960 
   1  H3B1      103.1950       24.5850       -1.9250 
   1  H3B2      102.1220       23.8350       -2.9640 
   1   H5'      104.4100       29.0270       -3.1950 
   1  H5''      105.2950       27.9220       -2.1590 
   1   H4'      106.8200       29.6630       -2.7480 
   1   H3'      106.3030       29.2800       -0.0080 
   1  HO3'      108.3340       29.5350       -0.9810 
   1   H2'      104.8010       31.1140        0.1870 
   1  HO2'      107.4220       32.0780        0.5670 
   1   H1'      106.4710       32.8650       -1.6840 
   1    H8      102.8550       31.5140       -1.1460 
   1   HN1      103.2880       37.7590       -2.6340 
   1   H21      106.7390       37.1770       -2.5610 
   1   H22      105.4480       38.3580       -2.6820 

