Run semi-empirical minimization
 &qmmm
    qm_theory='AM1', grms_tol=0.0005,
 scfconv=1.d-10, ndiis_attempts=700,   qmcharge=0,
 /
   7   N01       11.6820       23.2790        5.8260 
   6   C02       12.1840       22.0180        5.9920 
   7   N03       13.4980       21.8020        5.6790 
   6   C04       14.5840       22.7790        5.8950 
   6   C05       14.5850       23.8500        4.7970 
   6   C06       13.4040       24.8300        4.8860 
   6   C07       12.0260       24.1690        4.6950 
   6   C08       10.3880       23.6350        6.4500 
   6   C09       10.3090       25.0030        7.1160 
   6   C10        9.2860       25.9030        6.7500 
   6   C11        9.1810       27.1560        7.3860 
   6   C12       10.0850       27.5130        8.4030 
   6   C13       11.1070       26.6190        8.7710 
   6   C14       11.2150       25.3710        8.1300 
   8   O15       11.4710       21.1020        6.4140 
   6   C16       14.0160       20.4210        5.5950 
   6   C17       14.8670       20.0560        4.3860 
   6   C18       16.1230       19.4450        4.5920 
   6   C19       16.8860       18.9880        3.5010 
   6   C20       16.3950       19.1400        2.1910 
   6   C21       15.1500       19.7640        1.9760 
   6   C22       14.3890       20.2200        3.0700 
   6   C23       14.5990       23.3510        7.3380 
   8   O24       14.6070       22.3190        8.3150 
   6   C25       15.7880       21.6760        8.6120 
   6   C26       15.6880       20.5430        9.4440 
   6   C27       16.8350       19.8180        9.8130 
   6   C28       18.1010       20.2290        9.3590 
   6   C29       18.2170       21.3560        8.5250 
   6   C30       17.0670       22.0770        8.1480 
   8   O31       15.8050       24.5440        4.8860 
   8   O32       13.5500       25.8380        3.9140 
   6   C33       11.8350       23.4690        3.3230 
   8   O34       10.4730       23.1110        3.1150 
   6   C35        9.5720       24.0770        2.7200 
   6   C36        9.9170       25.3880        2.3000 
   6   C37        8.9160       26.2920        1.8970 
   6   C38        7.5630       25.9110        1.9270 
   6   C39        7.2090       24.6180        2.3490 
   6   C40        8.2130       23.7080        2.7300 
   1   H04       15.5350       22.2570        5.7770 
   1   H05       14.5900       23.3530        3.8260 
   1   H06       13.4130       25.3510        5.8430 
   1   H07       11.3260       25.0050        4.6970 
   1  H081       10.1110       22.9340        7.2330 
   1  H082        9.6070       23.5540        5.6940 
   1   H10        8.5780       25.6400        5.9770 
   1   H11        8.4100       27.8480        7.0860 
   1   H12       10.0020       28.4730        8.8900 
   1   H13       11.8100       26.8880        9.5430 
   1   H14       11.9880       24.6920        8.4330 
   1  H161       13.2230       19.6810        5.6000 
   1  H162       14.6020       20.2380        6.4950 
   1   H18       16.4960       19.3080        5.5950 
   1   H19       17.8410       18.5140        3.6690 
   1   H20       16.9740       18.7810        1.3540 
   1   H21       14.7710       19.8760        0.9710 
   1   H22       13.4190       20.6570        2.8960 
   1  H231       13.7040       23.9300        7.5220 
   1  H232       15.4100       24.0600        7.4950 
   1   H26       14.7200       20.2270        9.8020 
   1   H27       16.7440       18.9490       10.4490 
   1   H28       18.9810       19.6790        9.6510 
   1   H29       19.1890       21.6720        8.1740 
   1   H30       17.2020       22.9330        7.5060 
   1  HO31       15.7420       25.1880        5.5830 
   1  HO32       14.3110       26.3600        4.1440 
   1  H331       12.4150       22.5520        3.2760 
   1  H332       12.2150       24.0610        2.4930 
   1   H36       10.9400       25.7290        2.2730 
   1   H37        9.1850       27.2850        1.5680 
   1   H38        6.7970       26.6040        1.6200 
   1   H39        6.1720       24.3170        2.3680 
   1   H40        7.9390       22.7100        3.0280 

