Run semi-empirical minimization
 &qmmm
    qm_theory='AM1', grms_tol=0.0005,
 scfconv=1.d-10, ndiis_attempts=700,   qmcharge=0,
 /
   7    N2      185.8990        8.3900       65.9160 
   6    C4      185.3860        7.4390       64.9220 
   6    C3      184.0940        7.9390       64.2630 
   6    C2      183.7880        7.1930       62.9580 
   6    C1      182.4750        7.6520       62.3180 
   7    N1      182.2600        7.0190       61.0120 
   1   H21      186.6470        7.9650       66.4550 
   1   H22      186.2500        9.2130       65.4470 
   1   H23      185.1560        8.6830       66.5410 
   1   H41      185.2110        6.4780       65.4050 
   1   H42      186.1690        7.2960       64.1790 
   1   H31      184.1740        9.0050       64.0490 
   1   H32      183.2640        7.8330       64.9630 
   1    H5      183.7500        6.1200       63.1450 
   1    H6      184.6090        7.3530       62.2590 
   1   H11      182.4740        8.7320       62.1870 
   1   H12      181.6360        7.3990       62.9640 
   1    H7      181.4190        7.3880       60.5880 
   1    H8      183.0430        7.2110       60.4020 
   1   H13      182.1520        6.0160       61.1340 

