Run semi-empirical minimization
 &qmmm
    qm_theory='AM1', grms_tol=0.0005,
 scfconv=1.d-10, ndiis_attempts=700,   qmcharge=0,
 /
   6    C1       45.6650       23.1290       66.6350 
   6    C2       44.8230       22.2590       65.7140 
   6    C3       44.5720       20.0020       64.6610 
   6    C4       45.4970       19.2540       63.6730 
   6    C5       46.1330       20.0710       62.5320 
   6    C6       45.1710       21.0770       61.8670 
   6    C7       45.8300       21.7710       60.6690 
   6    C8       47.1540       22.4370       61.0720 
   6    C9       48.1080       21.4250       61.7240 
   6   C10       47.4540       20.7460       62.9320 
   6   C11       43.7880       19.0160       65.5460 
   6   C12       42.7620       19.6900       66.4840 
   6   C13       41.5160       18.8260       66.7570 
   6   C14       40.6040       19.4270       67.8620 
   6   C15       39.9570       20.7840       67.5050 
   6   C16       39.5260       18.4240       68.3040 
   6   C17       40.7500       18.5730       65.4480 
   6   C18       39.4520       16.9390       64.1250 
   6   C19       40.2690       16.5340       62.8590 
   6   C20       40.1770       15.0620       62.3800 
   6   C21       38.8310       14.6240       61.8070 
   6   C22       38.4120       15.9620       64.6770 
   6   C23       35.9780       15.4450       64.7680 
   6   C24       35.0450       15.1970       63.5810 
   6   C25       35.3010       16.1850       65.9390 
   6   C26       36.1080       16.1620       67.2550 
   6   C27       35.7720       17.3310       68.1920 
   6   C28       34.1110       17.3080       70.0670 
   7    N1       45.2700       21.0150       65.4610 
   7    N2       40.3180       17.3280       65.2300 
   7    N3       38.1170       15.5180       61.1340 
   7    N4       37.1420       16.1960       64.3250 
   7    N5       34.5280       13.9730       63.4640 
   7    N6       35.2330       16.8660       69.4750 
   7    N7       33.3190       18.2240       69.4870 
   7    N8       33.7740       16.8220       71.2670 
   8    O1       43.7750       22.7140       65.2610 
   8    O2       44.6600       18.1970       66.2890 
   8    O3       40.5760       19.4860       64.6420 
   8    O4       38.4010       13.5010       62.0460 
   8    O5       38.7510       15.0280       65.4030 
   8    O6       34.7840       16.0990       62.7860 
   1   H11       46.7240       22.9440       66.4830 
   1   H12       45.4760       24.1860       66.4440 
   1   H13       45.4210       22.9220       67.6770 
   1    H3       43.8120       20.4970       64.0570 
   1   H41       44.9010       18.4760       63.1970 
   1   H42       46.2800       18.7250       64.2180 
   1    H5       46.4050       19.3400       61.7710 
   1   H61       44.8710       21.8430       62.5810 
   1   H62       44.2600       20.5730       61.5430 
   1   H71       45.1470       22.5170       60.2700 
   1   H72       46.0060       21.0480       59.8710 
   1   H81       46.9530       23.2510       61.7710 
   1   H82       47.6260       22.8900       60.2000 
   1   H91       49.0230       21.9250       62.0340 
   1   H92       48.3960       20.6680       60.9950 
   1  H101       48.1400       19.9980       63.3240 
   1  H102       47.2930       21.4770       63.7240 
   1   H17       43.2800       18.3370       64.8640 
   1  H121       42.4290       20.6250       66.0370 
   1  H122       43.2430       19.9880       67.4130 
   1   H21       41.8820       17.8660       67.1230 
   1   H14       41.2390       19.5910       68.7330 
   1  H151       39.3980       21.1810       68.3530 
   1  H152       40.7010       21.5310       67.2310 
   1  H153       39.2530       20.6930       66.6810 
   1  H161       38.9870       18.7920       69.1710 
   1  H162       38.7990       18.2400       67.5130 
   1  H163       39.9670       17.4660       68.5820 
   1   H18       38.8900       17.8270       63.8370 
   1  H191       41.3240       16.7530       63.0310 
   1  H192       39.9960       17.2000       62.0390 
   1  H201       40.4180       14.3800       63.1860 
   1  H202       40.9290       14.8910       61.6080 
   1   H23       36.3050       14.4690       65.1190 
   1  H251       34.3120       15.7650       66.1310 
   1  H252       35.1290       17.2160       65.6240 
   1  H261       37.1740       16.2300       67.0580 
   1  H262       35.9730       15.1980       67.7470 
   1  H271       35.1000       18.0390       67.7090 
   1  H272       36.6750       17.8990       68.4140 
   1   HN1       46.1410       20.7300       65.8860 
   1   HN2       40.5110       16.6210       65.9290 
   1   H31       37.2070       15.2580       60.7810 
   1   H32       38.4820       16.4450       60.9770 
   1   HN4       36.9570       16.9970       63.7330 
   1   H51       33.9010       13.7650       62.7030 
   1   H52       34.7800       13.2580       64.1340 
   1   HN6       35.8000       16.1890       69.9650 
   1   H22       32.4880       18.5580       69.9530 
   1   H24       33.5560       18.5960       68.5780 
   1   H28       32.9410       17.1490       71.7350 
   1   H29       34.3640       16.1450       71.7290 
   1   HO2       45.0150       17.5350       65.7060 

