Run semi-empirical minimization
 &qmmm
    qm_theory='AM1', grms_tol=0.0005,
 scfconv=1.d-10, ndiis_attempts=700,   qmcharge=0,
 /
   7     N        6.9200       16.6090       15.2120 
   6    CA        6.4300       17.8690       14.6390 
   6     C        5.1470       18.3060       15.3360 
   8     O        4.3570       17.4700       15.7710 
   6    CB        6.2780       17.7650       13.1100 
   6    CG        5.2940       16.6820       12.6360 
   6    CD        5.2380       16.5520       11.1080 
   6    CE        6.4850       15.9060       10.4870 
   7    NZ        6.6630       14.5290       10.9690 
   7    N1        4.9560       19.6250       15.4500 
   6    C1        3.8590       20.2350       16.1870 
   6    C5        4.2490       21.6850       16.5250 
   6    C7        5.4380       21.7490       17.4970 
   6    C9        5.6110       23.1290       18.1180 
   6    C3        2.5730       20.2410       15.3470 
   8    O1        2.5950       20.5690       14.1650 
   7    N2        1.4420       19.9090       15.9740 
   6    C2        0.1060       19.9370       15.3910 
   6    C4       -0.8410       20.7550       16.2760 
   8    O2       -1.8140       21.3070       15.7200 
   6    C6       -0.4060       18.5070       15.1450 
   6    C8       -1.4340       18.4730       14.0050 
   6   C10       -2.2210       17.1640       13.9090 
   6   C11       -3.0370       17.0880       12.6140 
   7    N3       -4.0090       18.1800       12.4970 
   8   OXT       -0.5890       20.8310       17.4970 
   1    H1        7.7040       16.2670       14.6670 
   1   H13        7.4140       14.0800       10.4570 
   1    H4        6.1880       15.9100       15.2060 
   1    H2        7.2150       16.7640       16.1650 
   1    HA        7.1900       18.6170       14.8600 
   1   HB1        7.2650       17.5820       12.6860 
   1   HB2        5.9610       18.7270       12.7070 
   1   HG1        4.2990       16.9300       12.9990 
   1   HG2        5.5340       15.7170       13.0830 
   1   HD1        5.0830       17.5370       10.6680 
   1   HD2        4.3640       15.9600       10.8370 
   1   HE1        7.3850       16.4850       10.6910 
   1   HE2        6.3730       15.8740        9.4040 
   1   HZ1        5.8050       14.0130       10.8190 
   1   HZ2        6.8930       14.5420       11.9540 
   1   HN1        5.6420       20.2470       15.0410 
   1   H12        3.7030       19.6820       17.1120 
   1   H51        3.3960       22.1900       16.9800 
   1   H52        4.4810       22.2520       15.6210 
   1   H71        6.3520       21.4760       16.9700 
   1   H72        5.3080       21.0230       18.2990 
   1   H91        6.5140       23.1860       18.7200 
   1   H92        5.6920       23.8900       17.3430 
   1   H93        4.7680       23.3680       18.7650 
   1   HN2        1.4990       19.6480       16.9520 
   1   H14        0.1550       20.4520       14.4310 
   1   H61       -0.8360       18.0990       16.0620 
   1   H62        0.4240       17.8500       14.8850 
   1   H81       -0.9190       18.6600       13.0650 
   1   H82       -2.1410       19.2930       14.1180 
   1  H101       -2.8740       17.0630       14.7740 
   1  H102       -1.5350       16.3190       13.9400 
   1  H111       -3.5990       16.1620       12.5610 
   1  H112       -2.3750       17.1120       11.7490 
   1   H31       -4.5290       18.0650       11.6390 
   1   H32       -4.6500       18.1700       13.2790 
   1   H33       -3.5180       19.0630       12.4710 

