Run semi-empirical minimization
 &qmmm
    qm_theory='AM1', grms_tol=0.0005,
 scfconv=1.d-10, ndiis_attempts=700,   qmcharge=0,
 /
   7     N       55.3330        6.2750       94.1920 
   6    CA       54.9440        4.8660       94.0310 
   6     C       55.8320        4.1820       92.9930 
   8     O       56.2480        4.8110       92.0210 
   6    CB       53.4380        4.7340       93.7180 
   6    CG       52.9820        5.4320       92.4230 
   6    CD       51.4660        5.3480       92.1760 
   6    CE       50.6110        6.1990       93.1270 
   7    NZ       50.9430        7.6290       93.0190 
   7    N1       56.1240        2.8930       93.2100 
   6    C1       56.9970        2.0850       92.3680 
   6    C3       56.3430        1.6890       91.0420 
   8    O1       55.1620        1.3590       91.0100 
   7    N2       57.1210        1.6790       89.9540 
   6    C2       56.6730        1.2930       88.6190 
   6    C4       57.7090        0.3830       87.9540 
   8    O2       57.2940       -0.5520       87.2350 
   6    C5       56.3070        2.5360       87.7870 
   6    C6       55.4860        2.1590       86.5460 
   6    C7       55.2790        3.2980       85.5430 
   6    C8       54.8530        2.7470       84.1780 
   7    N3       53.5490        2.0760       84.2470 
   8   OXT       58.9130        0.6330       88.1620 
   1   H29       53.3190        1.7030       83.3360 
   1    H1       56.2540        6.3260       94.6030 
   1    H2       55.3530        6.7380       93.2930 
   1    H3       54.6680        6.7500       94.7930 
   1    HA       55.1350        4.3900       94.9910 
   1   HB1       52.8800        5.1310       94.5660 
   1   HB2       53.1690        3.6780       93.6630 
   1   HG1       53.4870        4.9660       91.5800 
   1   HG2       53.3010        6.4740       92.4160 
   1   HD1       51.1480        4.3080       92.2430 
   1   HD2       51.2570        5.6580       91.1520 
   1   HE1       50.7300        5.8800       94.1620 
   1   HE2       49.5570        6.0730       92.8790 
   1   HZ1       50.2800        8.1740       93.5590 
   1   HZ2       51.8710        7.7850       93.3910 
   1   HZ3       50.9110        7.9240       92.0540 
   1   HN1       55.7120        2.4400       94.0160 
   1   H11       57.2410        1.1730       92.9120 
   1   H12       57.9320        2.6190       92.1970 
   1   HN2       58.0920        1.9480       90.0470 
   1    H4       55.7700        0.6880       88.7190 
   1   H51       57.2170        3.0620       87.4950 
   1   H52       55.7320        3.2370       88.3930 
   1   H61       54.5200        1.7600       86.8590 
   1   H62       55.9860        1.3450       86.0250 
   1   H71       56.2110        3.8500       85.4200 
   1   H72       54.5480        4.0120       85.9230 
   1   H81       55.5930        2.0340       83.8230 
   1   H82       54.8160        3.5330       83.4280 
   1   H31       52.8360        2.7390       84.5170 
   1   H32       53.5780        1.3240       84.9210 

