Run semi-empirical minimization
 &qmmm
    qm_theory='AM1', grms_tol=0.0005,
 scfconv=1.d-10, ndiis_attempts=700,   qmcharge=0,
 /
   7     N        6.8920       16.5490       15.2090 
   6    CA        6.3860       17.8070       14.6430 
   6     C        5.1180       18.2500       15.3660 
   8     O        4.3310       17.4200       15.8170 
   6    CB        6.2050       17.7040       13.1180 
   6    CG        5.2300       16.6070       12.6590 
   6    CD        5.1480       16.4860       11.1320 
   6    CE        6.3900       15.8590       10.4810 
   7    NZ        6.5910       14.4760       10.9390 
   7    N1        4.9460       19.5710       15.4870 
   6    C1        3.8930       20.2140       16.2600 
   6    C3        2.5740       20.2290       15.4640 
   8    O1        2.5770       20.5130       14.2690 
   6    C5        4.3790       21.6510       16.5400 
   8    OG        3.5520       22.3090       17.4700 
   7    N2        1.4410       19.9350       16.1190 
   6    C2        0.1090       19.9240       15.5090 
   6    C4       -0.8930       20.7000       16.3670 
   8    O2       -0.7440       20.6660       17.6040 
   6    C6       -0.3540       18.4880       15.2000 
   6    C7       -1.4130       18.4720       14.0860 
   6    C8       -2.1350       17.1330       13.9150 
   6    C9       -2.9890       17.1040       12.6390 
   7    N3       -4.0420       18.1270       12.6400 
   8   OXT       -1.8060       21.3200       15.7800 
   1    H3        7.2050       16.7060       16.1570 
   1   H13        7.3480       14.0480       10.4180 
   1    H1        7.6670       16.2080       14.6500 
   1    H2        6.1630       15.8490       15.2200 
   1    HA        7.1490       18.5580       14.8420 
   1   HB1        7.1860       17.5380       12.6740 
   1   HB2        5.8660       18.6630       12.7250 
   1   HG1        4.2380       16.8350       13.0440 
   1   HG2        5.4960       15.6440       13.0950 
   1   HD1        4.9750       17.4710       10.7010 
   1   HD2        4.2750       15.8870       10.8740 
   1   HE1        7.2890       16.4430       10.6770 
   1   HE2        6.2570       15.8420        9.4010 
   1   HZ1        5.7400       13.9500       10.7860 
   1   HZ2        6.8240       14.4770       11.9230 
   1   HN1        5.6280       20.1770       15.0500 
   1    H4        3.7710       19.6790       17.2010 
   1   H51        4.4360       22.2480       15.6290 
   1   H52        5.3860       21.6250       16.9600 
   1   HOG        4.0270       23.0610       17.7990 
   1   HN2        1.4930       19.7200       17.1060 
   1   H10        0.1580       20.4640       14.5620 
   1   H61       -0.7440       18.0190       16.1050 
   1   H62        0.4950       17.8790       14.8870 
   1   H71       -0.9370       18.7530       13.1480 
   1   H72       -2.1630       19.2380       14.2740 
   1   H81       -2.7520       16.9260       14.7900 
   1   H82       -1.4010       16.3300       13.8620 
   1   H91       -3.4750       16.1400       12.5250 
   1   H92       -2.3620       17.2470       11.7600 
   1   H31       -4.5650       18.0580       11.7780 
   1   H32       -4.6700       17.9870       13.4200 
   1   H33       -3.6220       19.0420       12.7030 

