Run semi-empirical minimization
 &qmmm
    qm_theory='AM1', grms_tol=0.0005,
 scfconv=1.d-10, ndiis_attempts=700,   qmcharge=0,
 /
  15    PB       10.7140       -4.6780       -3.7990 
   8   O1B        9.8830       -3.7860       -4.8660 
   8   O2B       12.0230       -5.2050       -4.2720 
   8   O3B        9.6230       -5.7820       -3.3710 
  15    PA       11.7660       -3.8500       -1.2240 
   8   O1A       11.1830       -3.5130        0.1010 
   8   O2A       12.3940       -5.3390       -1.3700 
   8   O3A       10.7670       -3.7180       -2.4980 
   8    O5       12.9920       -2.8890       -1.6640 
   6    C5       12.7280       -1.5090       -1.8210 
   6    C4       13.2550       -0.9950       -3.1630 
   8    O4       14.6460       -0.7160       -3.0720 
   6    C3       13.1000       -1.9240       -4.3660 
   8    O3       11.8270       -1.8170       -4.9760 
   6    C2       14.2140       -1.4540       -5.2850 
   8    O2       13.8000       -0.3920       -6.1260 
   6    C1       15.2800       -0.9810       -4.2860 
   7    N9       16.2810       -2.0630       -4.0440 
   6    C8       16.3430       -2.9760       -3.0110 
   7    N7       17.3660       -3.7890       -3.0480 
   6    C7       18.0540       -3.4150       -4.1930 
   6    C6       19.2350       -3.8650       -4.8340 
   7    N6       19.9830       -4.8740       -4.3700 
   7    N1       19.6280       -3.2460       -5.9700 
   6   C10       18.8940       -2.2470       -6.4680 
   7    N3       17.7650       -1.7210       -5.9840 
   6    C9       17.3780       -2.3390       -4.8300 
   1   H10       20.7970       -5.1900       -4.8860 
   1  HO1B       10.4250       -3.1320       -5.2860 
   1  HO3B        9.9540       -6.4350       -2.7630 
   1  HO2A       12.6890       -5.5480       -2.2460 
   1   H51       13.1550       -0.9600       -0.9840 
   1   H52       11.6540       -1.3230       -1.7800 
   1    H4       12.7520       -0.0540       -3.3820 
   1    H3       13.3010       -2.9560       -4.0840 
   1   HO3       11.7580       -0.9440       -5.3400 
   1    H2       14.5960       -2.2590       -5.9150 
   1   HO2       14.5540       -0.0970       -6.6240 
   1    H1       15.8670       -0.1280       -4.6230 
   1    H8       15.6140       -3.0130       -2.2150 
   1   HN6       19.7220       -5.3330       -3.5100 
   1    H6       19.2650       -1.8060       -7.3820 

