Run semi-empirical minimization
 &qmmm
    qm_theory='AM1', grms_tol=0.0005,
 scfconv=1.d-10, ndiis_attempts=700,   qmcharge=0,
 /
   7     N        6.8920       16.7650       15.2660 
   6    CA        6.4120       18.0260       14.6870 
   6     C        5.1460       18.5000       15.3990 
   8     O        4.3340       17.6850       15.8340 
   6    CB        6.2440       17.9060       13.1580 
   6    CG        5.2590       16.8160       12.6980 
   6    CD        5.1720       16.6790       11.1680 
   6    CE        6.4120       16.0600       10.5060 
   7    NZ        6.6740       14.7090       11.0230 
   7    N1        4.9940       19.8250       15.5170 
   6    C1        3.8940       20.4870       16.2100 
   6    C3        2.6000       20.4030       15.3860 
   8    O1        2.6000       20.7080       14.1970 
   6    C5        4.2570       21.9750       16.4030 
  16    SG        5.4960       22.1450       17.7160 
   7    N2        1.4880       20.0330       16.0290 
   6    C2        0.1460       20.0620       15.4520 
   6    C4       -0.7920       20.8610       16.3590 
   8    O2       -1.8080       21.3670       15.8410 
   6    C6       -0.3650       18.6360       15.1720 
   6    C7       -1.3930       18.6350       14.0300 
   6    C8       -2.1490       17.3160       13.8560 
   6    C9       -2.9630       17.2990       12.5580 
   7    N3       -3.9720       18.3640       12.5090 
   8    OE       -0.4870       20.9720       17.5660 
   1   H31       -4.4860       18.2900       11.6420 
   1    H1        7.6670       16.4080       14.7170 
   1    H2        7.1970       16.9240       16.2160 
   1    H3        6.1520       16.0740       15.2720 
   1    HA        7.1900       18.7600       14.8900 
   1   HB1        7.2270       17.7180       12.7240 
   1   HB2        5.9230       18.8640       12.7490 
   1   HG1        4.2700       17.0590       13.0800 
   1   HG2        5.5130       15.8540       13.1430 
   1   HD1        4.9850       17.6580       10.7310 
   1   HD2        4.3060       16.0660       10.9160 
   1   HE1        7.2960       16.6800       10.6510 
   1   HE2        6.2510       15.9870        9.4310 
   1   HZ1        7.3890       14.2550       10.4660 
   1   HZ2        7.0010       14.7770       11.9800 
   1   HZ3        5.8240       14.1590       10.9950 
   1   HN1        5.7060       20.4210       15.1140 
   1   H10        3.7430       20.0160       17.1810 
   1   H51        3.3830       22.5520       16.7030 
   1   H52        4.6360       22.4270       15.4860 
   1   HSG        5.6520       23.4670       17.5990 
   1   HN2        1.5500       19.8030       17.0120 
   1   H11        0.1740       20.6050       14.5050 
   1   H61       -0.7950       18.2040       16.0780 
   1   H62        0.4670       17.9880       14.8940 
   1   H71       -0.8820       18.8860       13.1030 
   1   H72       -2.1200       19.4290       14.1850 
   1   H81       -2.7970       17.1420       14.7140 
   1   H82       -1.4420       16.4890       13.8310 
   1   H91       -3.4890       16.3570       12.4440 
   1   H92       -2.3050       17.4010       11.6970 
   1    H4       -3.5130       19.2630       12.5470 
   1   H32       -4.6170       18.2780       13.2840 

