Run semi-empirical minimization
 &qmmm
    qm_theory='AM1', grms_tol=0.0005,
 scfconv=1.d-10, ndiis_attempts=700,   qmcharge=0,
 /
   8   O5'      -66.4170       90.6180       97.5850 
   6   C5'      -65.1520       90.3260       97.0320 
   6   C4'      -65.1480       88.8960       96.4540 
   7   N4'      -66.2120       88.7570       95.4640 
   6   C3'      -63.8670       88.6180       95.6620 
   8   O3'      -63.6310       87.2230       95.6070 
   6   C2'      -64.1820       89.2020       94.2810 
   8   O2'      -63.6160       88.4350       93.2430 
   6   C1'      -65.7250       89.2570       94.1800 
   6    C9      -66.3450       90.6170       93.8710 
   6    C8      -67.6650       90.9540       94.1000 
   7    N7      -67.8660       92.2850       93.7810 
   6    C5      -66.6890       92.8000       93.3120 
   6    C6      -66.3890       94.1700       92.8900 
   8    O6      -67.2020       95.0850       92.9680 
   7    N1      -65.1200       94.3110       92.4470 
   7    N2      -62.9560       93.6290       91.9780 
   6    C2      -64.1870       93.2510       92.4510 
   7    N3      -64.4610       92.0480       92.8730 
   6    C4      -65.7680       91.8080       93.3230 
   1    H5      -66.9870       89.3430       95.7610 
   1   H10      -63.5870       87.5430       93.5620 
   1  HO5'      -66.5700       90.0330       98.3160 
   1   H5'      -64.3950       90.4230       97.8110 
   1  H5''      -64.9190       91.0750       96.2740 
   1   H4'      -65.2780       88.1840       97.2700 
   1   H3'      -62.9900       89.0890       96.1080 
   1  HO3'      -63.1480       86.9670       96.3810 
   1   H2'      -63.7370       90.1900       94.2690 
   1   H1'      -66.0580       88.5740       93.4020 
   1    H8      -68.4860       90.3700       94.4870 
   1   HN7      -68.7380       92.7920       93.8740 
   1   HN1      -64.8210       95.2260       92.1270 
   1   H21      -62.1710       93.0000       91.9060 
   1   H22      -62.7130       94.5870       91.7330 

