Run semi-empirical minimization
 &qmmm
    qm_theory='AM1', grms_tol=0.0005,
 scfconv=1.d-10, ndiis_attempts=700,   qmcharge=0,
 /
  15    PG       -3.9270       25.1770       15.4230 
   8   O1G       -4.4730       24.8310       16.9080 
   8   O2G       -3.5190       26.5860       15.1790 
   8   O3G       -5.0980       24.6150       14.4620 
  15    PB       -1.5750       24.2840       14.0910 
   8   O1B       -0.9090       25.6170       14.1180 
   8   O2B       -0.6270       22.9950       14.3520 
   8   O3B       -2.7430       24.0940       15.2020 
  15    PA       -2.9080       24.8610       11.5250 
   8   O1A       -4.1440       24.3820       10.8540 
   8   O2A       -3.0300       26.3410       12.1910 
   8   O3A       -2.3330       23.9040       12.7100 
   8    O5       -1.6150       25.0250       10.5670 
   6    C5       -1.2310       23.9530        9.7290 
   6    C4        0.1940       24.1860        9.2200 
   8    O4        0.1810       25.3460        8.3880 
   6    C3        1.2070       24.4460       10.3440 
   8    O3        2.4350       23.8230       10.0090 
   6    C2        1.3180       25.9610       10.3440 
   8    O2        2.5710       26.3810       10.8280 
   6    C1        1.0850       26.2880        8.8700 
   7    N9        0.4510       27.6310        8.7220 
   6    C8       -0.6840       28.1260        9.3260 
   7    N7       -0.9480       29.3820        9.0880 
   6    C7        0.0320       29.7520        8.1780 
   6    C6        0.3540       30.9590        7.5130 
   7    N6       -0.3020       32.1030        7.7380 
   7    N1        1.3640       30.9520        6.6120 
   6   C10        2.0370       29.8180        6.3940 
   7    N3        1.9060       28.6360        7.0000 
   6    C9        0.8750       28.6450        7.8930 
   1   H10       -0.0280       32.9470        7.2470 
   1  HO1G       -4.7400       25.5880       17.4090 
   1  HO3G       -5.7040       25.2760       14.1630 
   1  HO2B        0.2880       23.2180       14.4370 
   1  HO2A       -2.2960       26.9070       12.0010 
   1   H51       -1.9280       23.8730        8.8950 
   1   H52       -1.2780       23.0160       10.2860 
   1    H4        0.4920       23.3290        8.6180 
   1    H3        0.8820       24.0630       11.3120 
   1   HO3        3.1320       24.2670       10.4760 
   1    H2        0.5230       26.3750       10.9590 
   1   HO2        2.6340       27.3200       10.7350 
   1    H1        2.0010       26.2920        8.2780 
   1    H8       -1.2960       27.5350        9.9870 
   1   HN6       -1.0460       32.1280        8.4200 
   1    H6        2.7620       29.8490        5.5980 

