Run semi-empirical minimization
 &qmmm
    qm_theory='AM1', grms_tol=0.0005,
 scfconv=1.d-10, ndiis_attempts=700,   qmcharge=0,
 /
   7     N        6.7850       16.4830       15.1590 
   6    CA        6.2710       17.7420       14.6000 
   6     C        5.0190       18.1800       15.3660 
   8     O        4.1190       17.3530       15.5210 
   6    CB        6.0230       17.6030       13.0830 
   6    CG        5.1110       16.4470       12.6440 
   6    CD        4.9960       16.3270       11.1160 
   6    CE        6.2440       15.7710       10.4200 
   7    NZ        6.5790       14.4330       10.9240 
   7    N1        4.9260       19.4410       15.8570 
   6    C1        3.7020       19.9890       16.4530 
   6    C3        2.4950       19.9100       15.5030 
   8    O1        2.6120       20.2060       14.3150 
   6    C5        4.0120       21.4610       16.7580 
   6    C7        5.5100       21.4890       16.9370 
   6    C9        6.0220       20.4040       15.9930 
   7    N2        1.3360       19.5330       16.0460 
   6    C2        0.0490       19.5060       15.3670 
   6    C4       -0.9570       20.3160       16.1880 
   8    O2       -1.8260       20.9620       15.5660 
   6    C6       -0.4060       18.0530       15.1650 
   6    C8       -1.5560       17.9560       14.1530 
   6   C10       -2.2710       16.6050       14.1710 
   6   C11       -3.5730       16.6510       13.3710 
   7    N3       -3.2920       16.7510       11.9340 
   8   OXT       -0.8500       20.2850       17.4320 
   1    H3        7.1150       16.6370       16.1010 
   1    H1        7.5510       16.1450       14.5860 
   1    H2        6.0570       15.7810       15.1750 
   1    HA        7.0560       18.4820       14.7200 
   1   HB1        6.9920       17.5030       12.5950 
   1   HB2        5.5870       18.5260       12.7030 
   1   HG1        4.1160       16.6200       13.0450 
   1   HG2        5.4400       15.5000       13.0720 
   1   HD1        4.7630       17.3030       10.6930 
   1   HD2        4.1520       15.6830       10.8720 
   1   HE1        7.1030       16.4300       10.5420 
   1   HE2        6.0520       15.6960        9.3500 
   1   HZ1        7.2830       14.0040       10.3320 
   1   HZ2        6.9530       14.5190       11.8620 
   1   HZ3        5.7480       13.8550       10.9440 
   1    H4        3.5270       19.4480       17.3800 
   1   H51        3.4840       21.8270       17.6380 
   1   H52        3.7490       22.1110       15.9210 
   1   H71        5.7490       21.2100       17.9640 
   1   H72        5.9430       22.4700       16.7610 
   1   H91        6.2080       20.8500       15.0210 
   1   H92        6.9580       19.9770       16.3410 
   1   HN2        1.3260       19.3090       17.0330 
   1   H12        0.1380       19.9830       14.3890 
   1   H61       -0.7070       17.6280       16.1240 
   1   H62        0.4300       17.4450       14.8190 
   1   H81       -1.1830       18.1740       13.1520 
   1   H82       -2.2970       18.7240       14.3610 
   1  H101       -2.4980       16.3350       15.2010 
   1  H102       -1.6220       15.8200       13.7870 
   1  H111       -4.1900       17.4950       13.6760 
   1  H112       -4.1620       15.7560       13.5620 
   1   H31       -4.1610       16.7090       11.4180 
   1   H32       -2.8280       17.6260       11.7360 
   1   H33       -2.7020       15.9790       11.6510 

