Run semi-empirical minimization
 &qmmm
    qm_theory='AM1', grms_tol=0.0005,
 scfconv=1.d-10, ndiis_attempts=700,   qmcharge=0,
 /
   7     N        6.8410       16.5570       15.1880 
   6    CA        6.3760       17.8310       14.6180 
   6     C        5.0800       18.2970       15.2840 
   8     O        4.2930       17.4760       15.7540 
   6    CB        6.2630       17.7360       13.0850 
   6    CG        5.3430       16.6140       12.5750 
   6    CD        5.2880       16.5440       11.0420 
   6    CE        6.5690       16.0010       10.3900 
   7    NZ        6.8220       14.6080       10.7860 
   7    N1        4.8780       19.6230       15.3240 
   6    C1        3.7760       20.2910       16.0100 
   6    C3        2.4570       20.0860       15.2510 
   8    O1        2.3570       20.3890       14.0630 
   6    C5        4.0610       21.8090       16.0870 
   6    C7        5.3450       22.2120       16.8410 
   6    C9        5.2590       22.0990       18.3640 
   8   OE1        4.4410       21.3620       18.9050 
   7   NE2        6.1030       22.8540       19.0660 
   7    N2        1.4490       19.5850       15.9670 
   6    C2        0.1030       19.2900       15.4960 
   6    C4       -0.9010       20.2010       16.2150 
   8    O2       -1.8970       20.5860       15.5640 
   6    C6       -0.1620       17.7970       15.7840 
   6    C8       -1.5310       17.2630       15.3380 
   6   C10       -1.7370       17.2610       13.8190 
   6   C11       -3.1960       16.9990       13.4480 
   7    N3       -3.3550       16.9240       11.9920 
   8   OXT       -0.6730       20.5050       17.4050 
   1   H34       -4.3290       16.7680       11.7680 
   1    H1        7.0910       16.6920       16.1580 
   1    H2        6.1110       15.8600       15.1340 
   1    H3        7.6500       16.2290       14.6730 
   1    HA        7.1400       18.5690       14.8590 
   1   HB1        7.2660       17.6010       12.6810 
   1   HB2        5.9130       18.6880       12.6830 
   1   HG1        4.3380       16.7850       12.9540 
   1   HG2        5.6440       15.6480       12.9800 
   1   HD1        5.0780       17.5360       10.6450 
   1   HD2        4.4470       15.9170       10.7450 
   1   HE1        7.4390       16.6120       10.6320 
   1   HE2        6.4580       16.0290        9.3090 
   1   HZ1        7.5720       14.2180       10.2270 
   1   HZ2        7.0820       14.5780       11.7640 
   1   HZ3        5.9810       14.0650       10.6330 
   1   HN1        5.5710       20.2190       14.8890 
   1    H4        3.6870       19.8710       17.0120 
   1   H51        3.2110       22.3080       16.5530 
   1   H52        4.1180       22.2350       15.0860 
   1   H71        5.5460       23.2550       16.6090 
   1   H72        6.2080       21.6510       16.4860 
   1  HE21        6.1070       22.8000       20.0740 
   1  HE22        6.7700       23.4420       18.5810 
   1   HN2        1.6240       19.3850       16.9440 
   1    H9        0.0350       19.4810       14.4250 
   1   H61       -0.0580       17.6090       16.8520 
   1   H62        0.6230       17.2130       15.3070 
   1   H81       -2.3170       17.8420       15.8140 
   1   H82       -1.6520       16.2440       15.7090 
   1  H101       -1.0940       16.5030       13.3740 
   1  H102       -1.4400       18.2150       13.3870 
   1  H111       -3.8240       17.8050       13.8250 
   1  H112       -3.5530       16.0750       13.9010 
   1   H31       -2.8030       16.1570       11.6330 
   1   H32       -3.0450       17.7860       11.5660 

