Run semi-empirical minimization
 &qmmm
    qm_theory='AM1', grms_tol=0.0005,
 scfconv=1.d-10, ndiis_attempts=700,   qmcharge=0,
 /
   7     N        6.9950       16.7310       15.2130 
   6    CA        6.5110       17.9970       14.6470 
   6     C        5.2340       18.4450       15.3550 
   8     O        4.4360       17.6150       15.7890 
   6    CB        6.3610       17.8980       13.1160 
   6    CG        5.4270       16.7770       12.6260 
   6    CD        5.3410       16.6840       11.0930 
   6    CE        6.6000       16.1310       10.4100 
   7    NZ        6.9120       14.7720       10.8770 
   7    N1        5.0590       19.7670       15.4700 
   6    C1        3.9460       20.4090       16.1610 
   6    C3        2.6710       20.3160       15.3090 
   8    O2        2.6940       20.5810       14.1110 
   6    C5        4.2820       21.9000       16.3770 
   6    C7        5.3870       22.1700       17.3830 
   6   CD1        6.7380       22.0590       17.0030 
   6   CD2        5.0740       22.5510       18.7030 
   6   CE1        7.7610       22.3120       17.9320 
   6   CE2        6.0980       22.8110       19.6320 
   6    CZ        7.4470       22.6830       19.2510 
   7    N2        1.5470       19.9720       15.9410 
   6    C2        0.2150       19.9310       15.3480 
   6    C4       -0.7740       20.6960       16.2320 
   8    O3       -1.8010       21.1590       15.6950 
   6    C6       -0.2160       18.4740       15.1200 
   6    C8       -1.3240       18.3770       14.0640 
   6    C9       -2.1600       17.1010       14.1670 
   6   C10       -3.2840       17.0910       13.1320 
   7    N3       -2.7230       17.0000       11.7800 
   8    O1       -0.5040       20.8080       17.4470 
   1   H35       -3.4650       16.9500       11.0940 
   1    H1        7.2840       16.8760       16.1700 
   1    H2        6.2630       16.0330       15.1940 
   1    H3        7.7840       16.3950       14.6700 
   1    HA        7.2710       18.7460       14.8650 
   1   HB1        7.3540       17.7580       12.6870 
   1   HB2        6.0040       18.8500       12.7210 
   1   HG1        4.4300       16.9630       13.0190 
   1   HG2        5.7250       15.8140       13.0400 
   1   HD1        5.1210       17.6690       10.6870 
   1   HD2        4.4960       16.0520       10.8200 
   1   HE1        7.4620       16.7770       10.5780 
   1   HE2        6.4410       16.0910        9.3330 
   1   HZ1        7.6320       14.3640       10.2990 
   1   HZ2        7.2470       14.8250       11.8320 
   1   HZ3        6.0770       14.2010       10.8480 
   1   HN1        5.7550       20.3760       15.0610 
   1    H4        3.7890       19.9280       17.1280 
   1   H51        3.3890       22.4190       16.7280 
   1   H52        4.5460       22.3810       15.4340 
   1   H11        6.9990       21.7670       16.0000 
   1   H12        4.0460       22.6550       19.0080 
   1   H13        8.7850       22.1870       17.6260 
   1   H14        5.8430       23.1070       20.6360 
   1    HZ        8.2360       22.8660       19.9650 
   1   HN2        1.6000       19.7580       16.9300 
   1    H7        0.2330       20.4450       14.3840 
   1   H61       -0.5460       18.0400       16.0660 
   1   H62        0.6340       17.8710       14.7980 
   1   H81       -0.8760       18.4680       13.0760 
   1   H82       -2.0110       19.2170       14.1490 
   1   H91       -2.5910       17.0410       15.1640 
   1   H92       -1.5330       16.2180       14.0490 
   1  H101       -3.8900       17.9940       13.2030 
   1  H102       -3.9480       16.2440       13.3030 
   1   H31       -2.1530       16.1650       11.7080 
   1   H32       -2.1540       17.8130       11.5930 

